# Input file for fr-burgers-turbulent.py program
N                  160 # Number of mesh points
NREF                 0 # Number of refinement levels of the mesh
P                    3 # Polynomial degree for FR scheme, which is the degree of the lagrange polynomial
VISC          0.000080 # Viscosity
INISOL       TURBULENT # Initial solution type: SINE,GAUSSIAN,SQUARE,TURBULENT
DT            0.000050 # Time step
TSIM          0.500000 # Maximum number of iterations
NDUMP               10 # Interval of iterations to dump a solution
# --- LES Parameters ---
USE_LES                    TRUE
SGS_MODEL_TYPE  smagorinsky_dynamic
SGS_FILTER_RATIO            2.00
SGS_AVG_TYPE             global
SGS_CS_MIN               0.0100

BEGIN_SOLUTION
0.000000000000000e+00 9.881131720605698e-01
1.738322026729692e-03 9.856459326985677e-01
4.550986149370937e-03 9.823537796964106e-01
6.289308176100629e-03 9.818828333470256e-01
6.289308176100629e-03 9.818123739292631e-01
8.027630202830321e-03 9.831834188949414e-01
1.084029432547157e-02 9.868074707413041e-01
1.257861635220126e-02 9.884811972153544e-01
1.257861635220126e-02 9.886079866574095e-01
1.431693837893095e-02 9.892711760080553e-01
1.712960250157220e-02 9.906538483092355e-01
1.886792452830189e-02 9.918682934485767e-01
1.886792452830189e-02 9.916943536216474e-01
2.060624655503158e-02 9.926758884744433e-01
2.341891067767283e-02 9.908123426983536e-01
2.515723270440252e-02 9.885022931498451e-01
2.515723270440252e-02 9.885404901523239e-01
2.689555473113221e-02 9.867203285382277e-01
2.970821885377345e-02 9.859792251702915e-01
3.144654088050314e-02 9.862286368096946e-01
3.144654088050314e-02 9.862639724213321e-01
3.318486290723284e-02 9.865539400189329e-01
3.599752702987408e-02 9.874032191600197e-01
3.773584905660378e-02 9.879872911333557e-01
3.773584905660378e-02 9.879229643604210e-01
3.947417108333347e-02 9.882305612970878e-01
4.228683520597472e-02 9.874123676702871e-01
4.402515723270441e-02 9.869639946969270e-01
4.402515723270441e-02 9.869135072723263e-01
4.576347925943410e-02 9.873068076674917e-01
4.857614338207535e-02 9.888501094201566e-01
5.031446540880503e-02 9.899438818822048e-01
5.031446540880503e-02 9.900081255233546e-01
5.205278743553472e-02 9.911898872389047e-01
5.486545155817597e-02 9.944226682095658e-01
5.660377358490566e-02 9.970009295419413e-01
5.660377358490566e-02 9.968668543899079e-01
5.834209561163535e-02 9.994548317006521e-01
6.115475973427660e-02 1.000549098818797e+00
6.289308176100629e-02 9.988681848204558e-01
6.289308176100629e-02 9.989713507440079e-01
6.463140378773598e-02 9.958950287564171e-01
6.744406791037723e-02 9.913915294075901e-01
6.918238993710692e-02 9.896599427426999e-01
6.918238993710692e-02 9.897553214302629e-01
7.092071196383662e-02 9.889136633515642e-01
7.373337608647787e-02 9.905976921108870e-01
7.547169811320756e-02 9.932065952048543e-01
7.547169811320756e-02 9.931056554157496e-01
7.721002013993725e-02 9.961827215786982e-01
8.002268426257850e-02 9.994664785812446e-01
8.176100628930819e-02 1.000402923691381e+00
8.176100628930819e-02 1.000416266257064e+00
8.349932831603787e-02 1.000884210230966e+00
8.631199243867912e-02 1.001885306389998e+00
8.805031446540881e-02 1.003331967327892e+00
8.805031446540881e-02 1.003348378709792e+00
8.978863649213850e-02 1.005793030811992e+00
9.260130061477975e-02 1.010978768666383e+00
9.433962264150944e-02 1.013570784588437e+00
9.433962264150944e-02 1.013488678721434e+00
9.607794466823913e-02 1.014701695788793e+00
9.889060879088038e-02 1.012997814537545e+00
1.006289308176101e-01 1.010743125495515e+00
1.006289308176101e-01 1.010759251255755e+00
1.023672528443398e-01 1.008689856405860e+00
1.051799169669810e-01 1.006540066862016e+00
1.069182389937107e-01 1.005478483593882e+00
1.069182389937107e-01 1.005527164355519e+00
1.086565610204404e-01 1.004444970352931e+00
1.114692251430816e-01 1.003554383637650e+00
1.132075471698113e-01 1.003280397356692e+00
1.132075471698113e-01 1.003331355767595e+00
1.149458691965410e-01 1.002967608629130e+00
1.177585333191823e-01 1.002666897908059e+00
1.194968553459120e-01 1.002296055236099e+00
1.194968553459120e-01 1.002429992634301e+00
1.212351773726416e-01 1.001480927948414e+00
1.240478414952829e-01 1.000492835600895e+00
1.257861635220126e-01 9.999821148266436e-01
1.257861635220126e-01 1.000044930998744e+00
1.275244855487423e-01 9.987054869648258e-01
1.303371496713835e-01 9.963717338047532e-01
1.320754716981132e-01 9.967952667933757e-01
1.320754716981132e-01 9.965555469681520e-01
1.338137937248429e-01 9.990579433538043e-01
1.366264578474841e-01 1.001734960447663e+00
1.383647798742138e-01 1.001681862013883e+00
1.383647798742138e-01 1.001724918771526e+00
1.401031019009435e-01 1.000868949534516e+00
1.429157660235848e-01 9.997076983227126e-01
1.446540880503145e-01 9.991756320447008e-01
1.446540880503145e-01 9.991431625847865e-01
1.463924100770441e-01 9.987787532100242e-01
1.492050741996854e-01 9.979395029531956e-01
1.509433962264151e-01 9.968243440935823e-01
1.509433962264151e-01 9.970008976235146e-01
1.526817182531448e-01 9.954487791676990e-01
1.554943823757861e-01 9.953124120737984e-01
1.572327044025157e-01 9.962769616268066e-01
1.572327044025157e-01 9.963161547720630e-01
1.589710264292454e-01 9.970617226427477e-01
1.617836905518867e-01 9.981136879354824e-01
1.635220125786164e-01 9.993003254085223e-01
1.635220125786164e-01 9.993004330300064e-01
1.652603346053461e-01 1.001006369551657e+00
1.680729987279873e-01 1.003385849596373e+00
1.698113207547170e-01 1.003479047153754e+00
1.698113207547170e-01 1.003646494687771e+00
1.715496427814467e-01 1.001884820854698e+00
1.743623069040879e-01 9.988770060713403e-01
1.761006289308176e-01 9.984462323892356e-01
1.761006289308176e-01 9.982132600354631e-01
1.778389509575473e-01 9.988489191365154e-01
1.806516150801886e-01 9.977283535892517e-01
1.823899371069183e-01 9.967729107908773e-01
1.823899371069183e-01 9.966831664600536e-01
1.841282591336479e-01 9.971152689105471e-01
1.869409232562892e-01 9.992170787120598e-01
1.886792452830189e-01 1.000170812483536e+00
1.886792452830189e-01 1.000261466534151e+00
1.904175673097486e-01 1.000777082162393e+00
1.932302314323898e-01 1.002610751769520e+00
1.949685534591195e-01 1.003948304742989e+00
1.949685534591195e-01 1.003984683285616e+00
1.967068754858492e-01 1.004877832802215e+00
1.995195396084904e-01 1.005813888863123e+00
2.012578616352201e-01 1.006292692844972e+00
2.012578616352201e-01 1.006160161511529e+00
2.029961836619498e-01 1.006462115689254e+00
2.058088477845911e-01 1.004727387908995e+00
2.075471698113208e-01 1.003167690827381e+00
2.075471698113208e-01 1.003131915503203e+00
2.092854918380505e-01 1.002353465114278e+00
2.120981559606917e-01 1.002419580755296e+00
2.138364779874214e-01 1.002529648804229e+00
2.138364779874214e-01 1.002481631185557e+00
2.155748000141511e-01 1.002492372756626e+00
2.183874641367923e-01 1.001867533983389e+00
2.201257861635220e-01 1.000951872872930e+00
2.201257861635220e-01 1.001044519197884e+00
2.218641081902517e-01 1.000013165732776e+00
2.246767723128930e-01 9.997090195678986e-01
2.264150943396226e-01 9.995400107823397e-01
2.264150943396226e-01 9.995569875028811e-01
2.281534163663523e-01 9.985474271007688e-01
2.309660804889936e-01 9.961256006304535e-01
2.327044025157233e-01 9.953857928648328e-01
2.327044025157233e-01 9.952950517382541e-01
2.344427245424530e-01 9.957889443609753e-01
2.372553886650942e-01 9.971166116913973e-01
2.389937106918239e-01 9.977102420679973e-01
2.389937106918239e-01 9.978210846879537e-01
2.407320327185536e-01 9.983091144964910e-01
2.435446968411948e-01 1.000740010621190e+00
2.452830188679245e-01 1.002740751227329e+00
2.452830188679245e-01 1.002606984639445e+00
2.470213408946542e-01 1.004167960292963e+00
2.498340050172955e-01 1.003686294217216e+00
2.515723270440252e-01 1.002648899170544e+00
2.515723270440252e-01 1.002649027276524e+00
2.533106490707548e-01 1.002281567852279e+00
2.561233131933961e-01 1.003478358248057e+00
2.578616352201258e-01 1.004808293862085e+00
2.578616352201258e-01 1.004660240384916e+00
2.595999572468555e-01 1.006223105376577e+00
2.624126213694967e-01 1.006678489771623e+00
2.641509433962264e-01 1.005448430029334e+00
2.641509433962264e-01 1.005610060363540e+00
2.658892654229561e-01 1.003901216816938e+00
2.687019295455974e-01 1.003752305247766e+00
2.704402515723270e-01 1.004701644999616e+00
2.704402515723270e-01 1.004661423719785e+00
2.721785735990567e-01 1.005480993860991e+00
2.749912377216980e-01 1.005127365660551e+00
2.767295597484277e-01 1.003718174724554e+00
2.767295597484277e-01 1.003925314794620e+00
2.784678817751574e-01 1.001691825420783e+00
2.812805458977986e-01 9.998938546225860e-01
2.830188679245283e-01 9.996445706076634e-01
2.830188679245283e-01 9.996107842635130e-01
2.847571899512580e-01 9.987897235301297e-01
2.875698540738992e-01 9.958035442911833e-01
2.893081761006289e-01 9.949290039163244e-01
2.893081761006289e-01 9.947292852765678e-01
2.910464981273586e-01 9.957061195304364e-01
2.938591622499999e-01 9.968243233930100e-01
2.955974842767295e-01 9.965553491290017e-01
2.955974842767295e-01 9.965900154884424e-01
2.973358063034592e-01 9.960964677336307e-01
3.001484704261005e-01 9.957874152519604e-01
3.018867924528302e-01 9.952147984009760e-01
3.018867924528302e-01 9.954166294739111e-01
3.036251144795599e-01 9.940651025132486e-01
3.064377786022012e-01 9.938171269499092e-01
3.081761006289309e-01 9.950408730833374e-01
3.081761006289309e-01 9.947903404210843e-01
3.099144226556605e-01 9.961038096185030e-01
3.127270867783018e-01 9.943513657656774e-01
3.144654088050315e-01 9.929356689075042e-01
3.144654088050315e-01 9.928292135023865e-01
3.162037308317612e-01 9.934392324024595e-01
3.190163949544024e-01 9.963944922725755e-01
3.207547169811321e-01 9.973363336203147e-01
3.207547169811321e-01 9.974183015839667e-01
3.224930390078618e-01 9.971299070820724e-01
3.253057031305031e-01 9.960471174719107e-01
3.270440251572327e-01 9.945844078007972e-01
3.270440251572327e-01 9.948486513591468e-01
3.287823471839624e-01 9.923201392499292e-01
3.315950113066037e-01 9.909977736818041e-01
3.333333333333334e-01 9.923826717716766e-01
3.333333333333334e-01 9.922286922116930e-01
3.350716553600631e-01 9.942564728851802e-01
3.378843194827043e-01 9.951682941988534e-01
3.396226415094340e-01 9.951160759455066e-01
3.396226415094340e-01 9.950766920641551e-01
3.413609635361637e-01 9.955756685668513e-01
3.441736276588049e-01 9.970599488685282e-01
3.459119496855346e-01 9.981304321845874e-01
3.459119496855346e-01 9.981658214680461e-01
3.476502717122643e-01 9.993878269609178e-01
3.504629358349056e-01 1.001950868363878e+00
3.522012578616353e-01 1.003301983095210e+00
3.522012578616353e-01 1.003266042105241e+00
3.539395798883649e-01 1.003932511914472e+00
3.567522440110062e-01 1.003124240033442e+00
3.584905660377359e-01 1.002005802591709e+00
3.584905660377359e-01 1.002099978527154e+00
3.602288880644656e-01 1.000966184173034e+00
3.630415521871068e-01 1.000792336655697e+00
3.647798742138365e-01 1.001582072706083e+00
3.647798742138365e-01 1.001425503525381e+00
3.665181962405662e-01 1.002354673127754e+00
3.693308603632074e-01 1.000950928866881e+00
3.710691823899371e-01 9.986208927931349e-01
3.710691823899371e-01 9.988033988380515e-01
3.728075044166668e-01 9.961877060688424e-01
3.756201685393081e-01 9.951134713517565e-01
3.773584905660378e-01 9.962505898468237e-01
3.773584905660378e-01 9.959147104521857e-01
3.790968125927675e-01 9.974424001879616e-01
3.819094767154087e-01 9.950511603395104e-01
3.836477987421384e-01 9.921546033800065e-01
3.836477987421384e-01 9.921966091849718e-01
3.853861207688681e-01 9.907090473079555e-01
3.881987848915093e-01 9.922883343195764e-01
3.899371069182390e-01 9.935836737988037e-01
3.899371069182390e-01 9.935709436622490e-01
3.916754289449687e-01 9.938700636866380e-01
3.944880930676100e-01 9.926858156617389e-01
3.962264150943396e-01 9.914714935727144e-01
3.962264150943396e-01 9.916201074389244e-01
3.979647371210693e-01 9.905964536995245e-01
4.007774012437106e-01 9.916804348402594e-01
4.025157232704403e-01 9.930232018944086e-01
4.025157232704403e-01 9.931864842710786e-01
4.042540452971700e-01 9.937689454183043e-01
4.070667094198112e-01 9.956585550710246e-01
4.088050314465409e-01 9.981402531972388e-01
4.088050314465409e-01 9.979824504356933e-01
4.105433534732706e-01 1.000974891000201e+00
4.133560175959118e-01 1.002940392869201e+00
4.150943396226415e-01 1.002547136273530e+00
4.150943396226415e-01 1.002571191601969e+00
4.168326616493712e-01 1.001664219356658e+00
4.196453257720125e-01 9.999020348151373e-01
4.213836477987422e-01 9.983428503181150e-01
4.213836477987422e-01 9.984294892298544e-01
4.231219698254718e-01 9.962702504116736e-01
4.259346339481131e-01 9.939512162277193e-01
4.276729559748428e-01 9.943783580582435e-01
4.276729559748428e-01 9.942439472395778e-01
4.294112780015725e-01 9.963196935475582e-01
4.322239421242137e-01 9.992471653531216e-01
4.339622641509434e-01 9.997098406069527e-01
4.339622641509434e-01 9.998383657885976e-01
4.357005861776731e-01 9.991164373593080e-01
4.385132503003144e-01 9.985700373592744e-01
4.402515723270440e-01 9.992745151108569e-01
4.402515723270440e-01 9.989516994685624e-01
4.419898943537737e-01 1.000204175554875e+00
4.448025584764150e-01 9.983645011369952e-01
4.465408805031447e-01 9.963648332644371e-01
4.465408805031447e-01 9.962854770997734e-01
4.482792025298744e-01 9.960984038038454e-01
4.510918666525156e-01 9.985700401871120e-01
4.528301886792453e-01 9.995875903989436e-01
4.528301886792453e-01 9.998023795509088e-01
4.545685107059750e-01 9.997839801427032e-01
4.573811748286162e-01 1.001699152204731e+00
4.591194968553459e-01 1.003252122195313e+00
4.591194968553459e-01 1.003266097927446e+00
4.608578188820756e-01 1.003784670312260e+00
4.636704830047169e-01 1.002921261627713e+00
4.654088050314465e-01 1.002536011328818e+00
4.654088050314465e-01 1.002601322848863e+00
4.671471270581762e-01 1.002948630763337e+00
4.699597911808175e-01 1.005407391098355e+00
4.716981132075472e-01 1.007231042447916e+00
4.716981132075472e-01 1.007260867545694e+00
4.734364352342769e-01 1.008436150194467e+00
4.762490993569181e-01 1.009463889859484e+00
4.779874213836478e-01 1.010323832020099e+00
4.779874213836478e-01 1.010306414475146e+00
4.797257434103775e-01 1.011569773862994e+00
4.825384075330187e-01 1.013417487214933e+00
4.842767295597484e-01 1.014021721675256e+00
4.842767295597484e-01 1.014055189489437e+00
4.860150515864781e-01 1.013986756686314e+00
4.888277157091194e-01 1.013448003255998e+00
4.905660377358491e-01 1.013583552070856e+00
4.905660377358491e-01 1.013509201824941e+00
4.923043597625787e-01 1.014243740339292e+00
4.951170238852200e-01 1.014536774311114e+00
4.968553459119497e-01 1.013506300211359e+00
4.968553459119497e-01 1.013597165292805e+00
4.985936679386794e-01 1.011544050594531e+00
5.014063320613206e-01 1.008233402770905e+00
5.031446540880503e-01 1.006596617765098e+00
5.031446540880503e-01 1.006538186960871e+00
5.048829761147801e-01 1.005040964381576e+00
5.076956402374212e-01 1.001446226524913e+00
5.094339622641509e-01 9.985376038807906e-01
5.094339622641509e-01 9.985618520318335e-01
5.111722842908807e-01 9.953898073200058e-01
5.139849484135218e-01 9.907493112040197e-01
5.157232704402516e-01 9.885960748610489e-01
5.157232704402516e-01 9.886202736995424e-01
5.174615924669813e-01 9.871715467431075e-01
5.202742565896225e-01 9.865099674239953e-01
5.220125786163522e-01 9.869695186780683e-01
5.220125786163522e-01 9.869545114135120e-01
5.237509006430819e-01 9.877738884436624e-01
5.265635647657231e-01 9.891743819418278e-01
5.283018867924528e-01 9.900540457903139e-01
5.283018867924528e-01 9.898478820190195e-01
5.300402088191826e-01 9.907362423517834e-01
5.328528729418237e-01 9.893747399416540e-01
5.345911949685535e-01 9.877163022176568e-01
5.345911949685535e-01 9.878281013240459e-01
5.363295169952832e-01 9.871520361197333e-01
5.391421811179243e-01 9.898598415299480e-01
5.408805031446541e-01 9.917876632888672e-01
5.408805031446541e-01 9.917686875883236e-01
5.426188251713838e-01 9.922781836527139e-01
5.454314892940250e-01 9.905673694559305e-01
5.471698113207547e-01 9.893991500839950e-01
5.471698113207547e-01 9.894575055161110e-01
5.489081333474845e-01 9.891766969887538e-01
5.517207974701256e-01 9.914530814726084e-01
5.534591194968553e-01 9.939865750058956e-01
5.534591194968553e-01 9.939310154881194e-01
5.551974415235851e-01 9.966930189486677e-01
5.580101056462262e-01 1.000026142886226e+00
5.597484276729560e-01 1.001246706620420e+00
5.597484276729560e-01 1.001296229806822e+00
5.614867496996857e-01 1.002006512046903e+00
5.642994138223268e-01 1.003070163572555e+00
5.660377358490566e-01 1.003617070356173e+00
5.660377358490566e-01 1.003643501948274e+00
5.677760578757863e-01 1.003858043272525e+00
5.705887219984275e-01 1.003597398505593e+00
5.723270440251572e-01 1.002979635708757e+00
5.723270440251572e-01 1.003019868567971e+00
5.740653660518870e-01 1.001823379426940e+00
5.768780301745281e-01 1.000020422751871e+00
5.786163522012578e-01 1.000104273693696e+00
5.786163522012578e-01 1.000015849227324e+00
5.803546742279876e-01 1.001406587039190e+00
5.831673383506287e-01 1.004048962845756e+00
5.849056603773585e-01 1.005386264546141e+00
5.849056603773585e-01 1.005328766909590e+00
5.866439824040882e-01 1.006510228607108e+00
5.894566465267294e-01 1.006964165094622e+00
5.911949685534591e-01 1.005731483589424e+00
5.911949685534591e-01 1.005910628604339e+00
5.929332905801888e-01 1.003513192051223e+00
5.957459547028300e-01 1.001503413763553e+00
5.974842767295597e-01 1.002052863159735e+00
5.974842767295597e-01 1.001866579602961e+00
5.992225987562895e-01 1.003413643196238e+00
6.020352628789307e-01 1.003986083624901e+00
6.037735849056605e-01 1.003035777881896e+00
6.037735849056605e-01 1.003196042225178e+00
6.055119069323902e-01 1.002055611322647e+00
6.083245710550313e-01 1.003547026276465e+00
6.100628930817611e-01 1.006222477784175e+00
6.100628930817611e-01 1.006171924871090e+00
6.118012151084908e-01 1.009377527722460e+00
6.146138792311320e-01 1.013342546633542e+00
6.163522012578617e-01 1.014125170219199e+00
6.163522012578617e-01 1.014190965200824e+00
6.180905232845915e-01 1.013341619933809e+00
6.209031874072326e-01 1.010662366322891e+00
6.226415094339623e-01 1.009159785926803e+00
6.226415094339623e-01 1.009091961080937e+00
6.243798314606921e-01 1.008032560019721e+00
6.271924955833332e-01 1.005993825433937e+00
6.289308176100630e-01 1.004551765238987e+00
6.289308176100630e-01 1.004593074630924e+00
6.306691396367927e-01 1.003340002548182e+00
6.334818037594339e-01 1.002699812147559e+00
6.352201257861636e-01 1.002960123581892e+00
6.352201257861636e-01 1.002899247023837e+00
6.369584478128933e-01 1.003390846104568e+00
6.397711119355345e-01 1.003322296755998e+00
6.415094339622642e-01 1.002535602478893e+00
6.415094339622642e-01 1.002539760043204e+00
6.432477559889940e-01 1.001385324062902e+00
6.460604201116351e-01 9.998035647457275e-01
6.477987421383649e-01 9.995160137547973e-01
6.477987421383649e-01 9.995671017824189e-01
6.495370641650946e-01 1.000214001148505e+00
6.523497282877357e-01 1.003032275150205e+00
6.540880503144655e-01 1.004222698155093e+00
6.540880503144655e-01 1.004326699515382e+00
6.558263723411952e-01 1.003915119788356e+00
6.586390364638364e-01 1.002322769205582e+00
6.603773584905661e-01 1.001989465709711e+00
6.603773584905661e-01 1.002018978014052e+00
6.621156805172959e-01 1.002340448286306e+00
6.649283446399370e-01 1.003988805808903e+00
6.666666666666667e-01 1.005675676790285e+00
6.666666666666667e-01 1.005429083368029e+00
6.684049886933965e-01 1.007296171096428e+00
6.712176528160376e-01 1.006718909589802e+00
6.729559748427674e-01 1.005271731241171e+00
6.729559748427674e-01 1.005295964840928e+00
6.746942968694971e-01 1.004837800659994e+00
6.775069609921383e-01 1.006598706581364e+00
6.792452830188680e-01 1.007421912393175e+00
6.792452830188680e-01 1.007461427984978e+00
6.809836050455977e-01 1.007049779207884e+00
6.837962691682389e-01 1.005094270302296e+00
6.855345911949686e-01 1.003743115149448e+00
6.855345911949686e-01 1.003818724625579e+00
6.872729132216984e-01 1.002616765109761e+00
6.900855773443395e-01 1.001913709246712e+00
6.918238993710693e-01 1.001841997817821e+00
6.918238993710693e-01 1.001798678668605e+00
6.935622213977990e-01 1.001324592902986e+00
6.963748855204401e-01 9.994841959493977e-01
6.981132075471699e-01 9.991401704243564e-01
6.981132075471699e-01 9.990194280398396e-01
6.998515295738996e-01 1.000258867271021e+00
7.026641936965408e-01 1.002658484552809e+00
7.044025157232705e-01 1.003285261090039e+00
7.044025157232705e-01 1.003338558497474e+00
7.061408377500002e-01 1.003218077628244e+00
7.089535018726414e-01 1.002973308259063e+00
7.106918238993711e-01 1.002767731611318e+00
7.106918238993711e-01 1.002741723250020e+00
7.124301459261009e-01 1.002346992930665e+00
7.152428100487420e-01 1.001079451895291e+00
7.169811320754718e-01 1.000131663216396e+00
7.169811320754718e-01 1.000224219212492e+00
7.187194541022015e-01 9.994565485287629e-01
7.215321182248426e-01 1.000222402833670e+00
7.232704402515724e-01 1.001577477438500e+00
7.232704402515724e-01 1.001594582250924e+00
7.250087622783021e-01 1.002972212428145e+00
7.278214264009433e-01 1.004864636683529e+00
7.295597484276730e-01 1.005782493617603e+00
7.295597484276730e-01 1.005759330862615e+00
7.312980704544028e-01 1.006299606523299e+00
7.341107345770439e-01 1.005772410623572e+00
7.358490566037736e-01 1.004781571864849e+00
7.358490566037736e-01 1.004838224398640e+00
7.375873786305034e-01 1.003494154152072e+00
7.404000427531445e-01 1.002093940550932e+00
7.421383647798743e-01 1.002374320826898e+00
7.421383647798743e-01 1.002202046197886e+00
7.438766868066040e-01 1.003406686781580e+00
7.466893509292452e-01 1.003987519570651e+00
7.484276729559749e-01 1.003679906715236e+00
7.484276729559749e-01 1.003601238877619e+00
7.501659949827046e-01 1.003709390985728e+00
7.529786591053458e-01 1.003681040425607e+00
7.547169811320755e-01 1.002604985863973e+00
7.547169811320755e-01 1.002843580567677e+00
7.564553031588053e-01 1.000953927684927e+00
7.592679672814464e-01 1.000880498088978e+00
7.610062893081762e-01 1.002231484171696e+00
7.610062893081762e-01 1.002120702444919e+00
7.627446113349059e-01 1.003230817903180e+00
7.655572754575470e-01 1.002248063717331e+00
7.672955974842768e-01 1.000937696858593e+00
7.672955974842768e-01 1.000941195685177e+00
7.690339195110065e-01 1.000145973876471e+00
7.718465836336477e-01 1.000431266985164e+00
7.735849056603774e-01 1.001375920463886e+00
7.735849056603774e-01 1.001451398143951e+00
7.753232276871072e-01 1.002886439609625e+00
7.781358918097483e-01 1.006387017867211e+00
7.798742138364780e-01 1.007934439210246e+00
7.798742138364780e-01 1.007895573752194e+00
7.816125358632078e-01 1.007757790948182e+00
7.844251999858489e-01 1.004399357448936e+00
7.861635220125787e-01 1.002462428257771e+00
7.861635220125787e-01 1.002288836377077e+00
7.879018440393084e-01 1.001889685290418e+00
7.907145081619495e-01 1.001270978290518e+00
7.924528301886793e-01 1.000119828607301e+00
7.924528301886793e-01 1.000349220384313e+00
7.941911522154090e-01 9.990680819852269e-01
7.970038163380502e-01 1.000561735159202e+00
7.987421383647799e-01 1.002100477951845e+00
7.987421383647799e-01 1.002121603058906e+00
8.004804603915097e-01 1.002159863069236e+00
8.032931245141508e-01 1.000006970459238e+00
8.050314465408805e-01 9.995704725968338e-01
8.050314465408805e-01 9.992946793291808e-01
8.067697685676103e-01 1.000653770651067e+00
8.095824326902514e-01 1.001369854480151e+00
8.113207547169812e-01 1.000603746310150e+00
8.113207547169812e-01 1.000707083814671e+00
8.130590767437109e-01 1.000164994639659e+00
8.158717408663521e-01 1.002371026407677e+00
8.176100628930818e-01 1.004563134799809e+00
8.176100628930818e-01 1.004605294742904e+00
8.193483849198115e-01 1.006520218982238e+00
8.221610490424527e-01 1.009091083027233e+00
8.238993710691824e-01 1.009784918566176e+00
8.238993710691824e-01 1.009865313536421e+00
8.256376930959122e-01 1.009338026851751e+00
8.284503572185533e-01 1.007694870971703e+00
8.301886792452831e-01 1.006930364799970e+00
8.301886792452831e-01 1.006829212030496e+00
8.319270012720128e-01 1.006296331054589e+00
8.347396653946539e-01 1.004222707524719e+00
8.364779874213837e-01 1.002786217116696e+00
8.364779874213837e-01 1.002838559364895e+00
8.382163094481134e-01 1.002089687373962e+00
8.410289735707546e-01 1.002614195897441e+00
8.427672955974843e-01 1.002632122126176e+00
8.427672955974843e-01 1.002670359003605e+00
8.445056176242141e-01 1.001418132775225e+00
8.473182817468552e-01 9.981995082238414e-01
8.490566037735849e-01 9.968966884381829e-01
8.490566037735849e-01 9.969205580768121e-01
8.507949258003147e-01 9.967687555656699e-01
8.536075899229558e-01 9.986658819028605e-01
8.553459119496856e-01 1.000649188858064e+00
8.553459119496856e-01 1.000590704622459e+00
8.570842339764153e-01 1.002653808578887e+00
8.598968980990565e-01 1.005047282606343e+00
8.616352201257862e-01 1.006531921139419e+00
8.616352201257862e-01 1.006537305492251e+00
8.633735421525159e-01 1.008571520953672e+00
8.661862062751571e-01 1.012116912754183e+00
8.679245283018868e-01 1.013169140306657e+00
8.679245283018868e-01 1.013226185474438e+00
8.696628503286166e-01 1.012587485086980e+00
8.724755144512577e-01 1.009745351500085e+00
8.742138364779874e-01 1.008035059312379e+00
8.742138364779874e-01 1.008020153579064e+00
8.759521585047172e-01 1.006789543498062e+00
8.787648226273583e-01 1.004902855625751e+00
8.805031446540881e-01 1.003272434105515e+00
8.805031446540881e-01 1.003392882861744e+00
8.822414666808178e-01 1.001141185599827e+00
8.850541308034590e-01 9.989273379463049e-01
8.867924528301887e-01 9.992380500288779e-01
8.867924528301887e-01 9.993008962355439e-01
8.885307748569184e-01 1.000729014645844e+00
8.913434389795596e-01 1.004801208112121e+00
8.930817610062893e-01 1.007508037342718e+00
8.930817610062893e-01 1.007367617169766e+00
8.948200830330191e-01 1.009231074343557e+00
8.976327471556602e-01 1.008186690293939e+00
8.993710691823900e-01 1.006375960530085e+00
8.993710691823900e-01 1.006514663166539e+00
9.011093912091197e-01 1.005159807497871e+00
9.039220553317608e-01 1.006551297907680e+00
9.056603773584906e-01 1.009043793312215e+00
9.056603773584906e-01 1.008738155842483e+00
9.073986993852203e-01 1.011493599257529e+00
9.102113635078615e-01 1.011025653015105e+00
9.119496855345912e-01 1.008521291524221e+00
9.119496855345912e-01 1.008769206039961e+00
9.136880075613210e-01 1.006532195723114e+00
9.165006716839621e-01 1.008285687581261e+00
9.182389937106918e-01 1.010859860449530e+00
9.182389937106918e-01 1.010802232062051e+00
9.199773157374216e-01 1.012411138956270e+00
9.227899798600627e-01 1.011570984256080e+00
9.245283018867925e-01 1.009988743107467e+00
9.245283018867925e-01 1.009960405977228e+00
9.262666239135222e-01 1.008379975498054e+00
9.290792880361634e-01 1.005603106752793e+00
9.308176100628931e-01 1.003780706063389e+00
9.308176100628931e-01 1.003786416398476e+00
9.325559320896228e-01 1.002026963180687e+00
9.353685962122640e-01 1.000093460764279e+00
9.371069182389937e-01 1.000060005295021e+00
9.371069182389937e-01 9.999452162120765e-01
9.388452402657235e-01 1.001132784344433e+00
9.416579043883646e-01 1.002492432410931e+00
9.433962264150944e-01 1.001680468577475e+00
9.433962264150944e-01 1.001769328758125e+00
9.451345484418241e-01 9.994653246576329e-01
9.479472125644652e-01 9.956851671075773e-01
9.496855345911950e-01 9.943877752431614e-01
9.496855345911950e-01 9.943379424569873e-01
9.514238566179247e-01 9.941284709541117e-01
9.542365207405659e-01 9.946635331767061e-01
9.559748427672956e-01 9.951869924999268e-01
9.559748427672956e-01 9.951386806384453e-01
9.577131647940254e-01 9.957639514993114e-01
9.605258289166665e-01 9.959335757017093e-01
9.622641509433962e-01 9.952156807019261e-01
9.622641509433962e-01 9.951681916689507e-01
9.640024729701260e-01 9.938779021331080e-01
9.668151370927671e-01 9.907665842357654e-01
9.685534591194969e-01 9.889901069131048e-01
9.685534591194969e-01 9.889435532330657e-01
9.702917811462266e-01 9.880380172666555e-01
9.731044452688677e-01 9.876883464041426e-01
9.748427672955975e-01 9.875500010981150e-01
9.748427672955975e-01 9.875172719407879e-01
9.765810893223272e-01 9.874205772531854e-01
9.793937534449684e-01 9.867970328069657e-01
9.811320754716981e-01 9.854750514089112e-01
9.811320754716981e-01 9.856910838953378e-01
9.828703974984279e-01 9.835533826790198e-01
9.856830616210690e-01 9.831310825536266e-01
9.874213836477987e-01 9.852495714327497e-01
9.874213836477987e-01 9.851431522172931e-01
9.891597056745285e-01 9.883651968167321e-01
9.919723697971696e-01 9.922092783114523e-01
9.937106918238994e-01 9.930716221479600e-01
9.937106918238994e-01 9.930757087705854e-01
9.954490138506291e-01 9.927382943379860e-01
9.982616779732703e-01 9.903142871449444e-01
1.000000000000000e+00 9.881062971112116e-01
END_SOLUTION
