# Input file for fr-burgers-turbulent.py program
N                  160 # Number of mesh points
NREF                 0 # Number of refinement levels of the mesh
P                    3 # Polynomial degree for FR scheme, which is the degree of the lagrange polynomial
VISC          0.000080 # Viscosity
INISOL       TURBULENT # Initial solution type: SINE,GAUSSIAN,SQUARE,TURBULENT
DT            0.000050 # Time step
TSIM          0.500000 # Maximum number of iterations
NDUMP               10 # Interval of iterations to dump a solution
# --- LES Parameters ---
USE_LES                   FALSE

BEGIN_SOLUTION
0.000000000000000e+00 1.006780044256012e+00
1.738322026729692e-03 1.006781559805365e+00
4.550986149370937e-03 1.006568154788551e+00
6.289308176100629e-03 1.006281235624324e+00
6.289308176100629e-03 1.006279310006725e+00
8.027630202830321e-03 1.005866650873425e+00
1.084029432547157e-02 1.004937961397855e+00
1.257861635220126e-02 1.004237350621121e+00
1.257861635220126e-02 1.004238436562789e+00
1.431693837893095e-02 1.003476661325791e+00
1.712960250157220e-02 1.002221118725354e+00
1.886792452830189e-02 1.001488449531762e+00
1.886792452830189e-02 1.001490238513278e+00
2.060624655503158e-02 1.000826294772779e+00
2.341891067767283e-02 9.999506495663746e-01
2.515723270440252e-02 9.995357921665572e-01
2.515723270440252e-02 9.995355210947279e-01
2.689555473113221e-02 9.992111601915573e-01
2.970821885377345e-02 9.988435317578213e-01
3.144654088050314e-02 9.986923414936967e-01
3.144654088050314e-02 9.986917960504241e-01
3.318486290723284e-02 9.985849784220705e-01
3.599752702987408e-02 9.984858821654414e-01
3.773584905660378e-02 9.984674667820189e-01
3.773584905660378e-02 9.984680623340291e-01
3.947417108333347e-02 9.984824094346553e-01
4.228683520597472e-02 9.985831395180628e-01
4.402515723270441e-02 9.986917930048844e-01
4.402515723270441e-02 9.986924056758345e-01
4.576347925943410e-02 9.988312533683634e-01
4.857614338207535e-02 9.990977543190318e-01
5.031446540880503e-02 9.992635659003304e-01
5.031446540880503e-02 9.992627311867387e-01
5.205278743553472e-02 9.994080124385908e-01
5.486545155817597e-02 9.995424499579976e-01
5.660377358490566e-02 9.995361055076432e-01
5.660377358490566e-02 9.995344287937294e-01
5.834209561163535e-02 9.994453653645474e-01
6.115475973427660e-02 9.991077831338218e-01
6.289308176100629e-02 9.987938004403468e-01
6.289308176100629e-02 9.987940114102126e-01
6.463140378773598e-02 9.984191831272105e-01
6.744406791037723e-02 9.977522845727909e-01
6.918238993710692e-02 9.973479737668203e-01
6.918238993710692e-02 9.973495194705321e-01
7.092071196383662e-02 9.969825767098774e-01
7.373337608647787e-02 9.965280113450301e-01
7.547169811320756e-02 9.963477841595508e-01
7.547169811320756e-02 9.963483446508218e-01
7.721002013993725e-02 9.962476736013191e-01
8.002268426257850e-02 9.962385736514225e-01
8.176100628930819e-02 9.963077463906401e-01
8.176100628930819e-02 9.963073695764945e-01
8.349932831603787e-02 9.964158829714087e-01
8.631199243867912e-02 9.966312778496685e-01
8.805031446540881e-02 9.967661118112644e-01
8.805031446540881e-02 9.967655794269176e-01
8.978863649213850e-02 9.968868074102085e-01
9.260130061477975e-02 9.970277143443986e-01
9.433962264150944e-02 9.970723644637993e-01
9.433962264150944e-02 9.970721644773380e-01
9.607794466823913e-02 9.970810090496245e-01
9.889060879088038e-02 9.970189165365230e-01
1.006289308176101e-01 9.969368911314916e-01
1.006289308176101e-01 9.969370894154113e-01
1.023672528443398e-01 9.968252310788112e-01
1.051799169669810e-01 9.965912128997850e-01
1.069182389937107e-01 9.964179285530789e-01
1.069182389937107e-01 9.964180858097400e-01
1.086565610204404e-01 9.962246325604360e-01
1.114692251430816e-01 9.958676275221321e-01
1.132075471698113e-01 9.956151424606045e-01
1.132075471698113e-01 9.956142419777610e-01
1.149458691965410e-01 9.953338846598535e-01
1.177585333191823e-01 9.948082721135321e-01
1.194968553459120e-01 9.944417885698646e-01
1.194968553459120e-01 9.944411370052874e-01
1.212351773726416e-01 9.940509337178737e-01
1.240478414952829e-01 9.934042467921957e-01
1.257861635220126e-01 9.930301837928692e-01
1.257861635220126e-01 9.930314898018500e-01
1.275244855487423e-01 9.927057323083915e-01
1.303371496713835e-01 9.923512914036338e-01
1.320754716981132e-01 9.922664465416751e-01
1.320754716981132e-01 9.922675055492541e-01
1.338137937248429e-01 9.922979778788550e-01
1.366264578474841e-01 9.925985901380333e-01
1.383647798742138e-01 9.929260410660025e-01
1.383647798742138e-01 9.929260176381695e-01
1.401031019009435e-01 9.933460236177212e-01
1.429157660235848e-01 9.941771441751699e-01
1.446540880503145e-01 9.947554721414199e-01
1.446540880503145e-01 9.947551043237962e-01
1.463924100770441e-01 9.953612998322685e-01
1.492050741996854e-01 9.963564654105567e-01
1.509433962264151e-01 9.969576924782950e-01
1.509433962264151e-01 9.969572869488795e-01
1.526817182531448e-01 9.975329765484526e-01
1.554943823757861e-01 9.983826138838574e-01
1.572327044025157e-01 9.988460578751418e-01
1.572327044025157e-01 9.988459322480185e-01
1.589710264292454e-01 9.992561143881545e-01
1.617836905518867e-01 9.997999337143602e-01
1.635220125786164e-01 1.000060620604969e+00
1.635220125786164e-01 1.000060986643601e+00
1.652603346053461e-01 1.000263179365676e+00
1.680729987279873e-01 1.000465855218248e+00
1.698113207547170e-01 1.000508682882891e+00
1.698113207547170e-01 1.000508384218235e+00
1.715496427814467e-01 1.000482006538007e+00
1.743623069040879e-01 1.000269063371889e+00
1.761006289308176e-01 1.000018206868282e+00
1.761006289308176e-01 1.000016474838747e+00
1.778389509575473e-01 9.996673168867279e-01
1.806516150801886e-01 9.988814759267123e-01
1.823899371069183e-01 9.982758090160366e-01
1.823899371069183e-01 9.982757417983338e-01
1.841282591336479e-01 9.976007576734096e-01
1.869409232562892e-01 9.964409263505890e-01
1.886792452830189e-01 9.957394822618311e-01
1.886792452830189e-01 9.957413930673695e-01
1.904175673097486e-01 9.950932171829209e-01
1.932302314323898e-01 9.942413956018181e-01
1.949685534591195e-01 9.938614097977038e-01
1.949685534591195e-01 9.938620253860215e-01
1.967068754858492e-01 9.936022213389144e-01
1.995195396084904e-01 9.934281203152941e-01
2.012578616352201e-01 9.934548510841074e-01
2.012578616352201e-01 9.934545214718697e-01
2.029961836619498e-01 9.935677047610202e-01
2.058088477845911e-01 9.938952384951809e-01
2.075471698113208e-01 9.941669484973777e-01
2.075471698113208e-01 9.941667703481859e-01
2.092854918380505e-01 9.944781151742025e-01
2.120981559606917e-01 9.950428940152423e-01
2.138364779874214e-01 9.954189097501944e-01
2.138364779874214e-01 9.954190368784527e-01
2.155748000141511e-01 9.958081251847718e-01
2.183874641367923e-01 9.964509878833991e-01
2.201257861635220e-01 9.968459075588711e-01
2.201257861635220e-01 9.968457041173684e-01
2.218641081902517e-01 9.972300300289036e-01
2.246767723128930e-01 9.978063162043312e-01
2.264150943396226e-01 9.981211551745353e-01
2.264150943396226e-01 9.981201943998373e-01
2.281534163663523e-01 9.983955016264003e-01
2.309660804889936e-01 9.987414520383604e-01
2.327044025157233e-01 9.988971114758333e-01
2.327044025157233e-01 9.988967478779043e-01
2.344427245424530e-01 9.990162501955939e-01
2.372553886650942e-01 9.991671200025285e-01
2.389937106918239e-01 9.992640872391142e-01
2.389937106918239e-01 9.992652413059553e-01
2.407320327185536e-01 9.993885068098431e-01
2.435446968411948e-01 9.996986132635869e-01
2.452830188679245e-01 9.999781463016413e-01
2.452830188679245e-01 9.999791560551508e-01
2.470213408946542e-01 1.000333432411502e+00
2.498340050172955e-01 1.001064578907709e+00
2.515723270440252e-01 1.001597144108731e+00
2.515723270440252e-01 1.001597113034182e+00
2.533106490707548e-01 1.002173305180683e+00
2.561233131933961e-01 1.003147311481033e+00
2.578616352201258e-01 1.003741639127069e+00
2.578616352201258e-01 1.003740784628412e+00
2.595999572468555e-01 1.004304887649403e+00
2.624126213694967e-01 1.005101377339969e+00
2.641509433962264e-01 1.005500521836657e+00
2.641509433962264e-01 1.005499707215652e+00
2.658892654229561e-01 1.005816907630726e+00
2.687019295455974e-01 1.006145679761481e+00
2.704402515723270e-01 1.006241566641132e+00
2.704402515723270e-01 1.006241798581631e+00
2.721785735990567e-01 1.006264717343114e+00
2.749912377216980e-01 1.006177190187514e+00
2.767295597484277e-01 1.006063322618384e+00
2.767295597484277e-01 1.006063684218175e+00
2.784678817751574e-01 1.005915429595772e+00
2.812805458977986e-01 1.005620320162441e+00
2.830188679245283e-01 1.005408187019484e+00
2.830188679245283e-01 1.005407881578221e+00
2.847571899512580e-01 1.005174903240887e+00
2.875698540738992e-01 1.004753182138266e+00
2.893081761006289e-01 1.004467837706935e+00
2.893081761006289e-01 1.004467495456446e+00
2.910464981273586e-01 1.004167602164447e+00
2.938591622499999e-01 1.003665670278436e+00
2.955974842767295e-01 1.003359576760192e+00
2.955974842767295e-01 1.003359743718959e+00
2.973358063034592e-01 1.003069518607236e+00
3.001484704261005e-01 1.002666288871292e+00
3.018867924528302e-01 1.002477639587143e+00
3.018867924528302e-01 1.002478392186259e+00
3.036251144795599e-01 1.002349313442780e+00
3.064377786022012e-01 1.002293862572111e+00
3.081761006289309e-01 1.002361268908386e+00
3.081761006289309e-01 1.002362004280277e+00
3.099144226556605e-01 1.002507634923771e+00
3.127270867783018e-01 1.002900962328009e+00
3.144654088050315e-01 1.003225240476946e+00
3.144654088050315e-01 1.003225556229569e+00
3.162037308317612e-01 1.003595320014049e+00
3.190163949544024e-01 1.004246244671620e+00
3.207547169811321e-01 1.004648124184466e+00
3.207547169811321e-01 1.004647723066277e+00
3.224930390078618e-01 1.005022751645899e+00
3.253057031305031e-01 1.005509846860268e+00
3.270440251572327e-01 1.005701142440915e+00
3.270440251572327e-01 1.005699571324254e+00
3.287823471839624e-01 1.005783339255850e+00
3.315950113066037e-01 1.005642045231366e+00
3.333333333333334e-01 1.005374033733024e+00
3.333333333333334e-01 1.005373005068469e+00
3.350716553600631e-01 1.004969258508381e+00
3.378843194827043e-01 1.004058804470071e+00
3.396226415094340e-01 1.003375718262295e+00
3.396226415094340e-01 1.003376953831603e+00
3.413609635361637e-01 1.002635152088797e+00
3.441736276588049e-01 1.001393892999317e+00
3.459119496855346e-01 1.000638192100812e+00
3.459119496855346e-01 1.000638935511643e+00
3.476502717122643e-01 9.999125120876068e-01
3.504629358349056e-01 9.988216626489755e-01
3.522012578616353e-01 9.981993960543329e-01
3.522012578616353e-01 9.981989124961814e-01
3.539395798883649e-01 9.976130480087968e-01
3.567522440110062e-01 9.967282258449758e-01
3.584905660377359e-01 9.962173374263658e-01
3.584905660377359e-01 9.962170186089823e-01
3.602288880644656e-01 9.957343087132964e-01
3.630415521871068e-01 9.950230025345685e-01
3.647798742138365e-01 9.946389829865069e-01
3.647798742138365e-01 9.946394551146974e-01
3.665181962405662e-01 9.943086055661540e-01
3.693308603632074e-01 9.939134920916194e-01
3.710691823899371e-01 9.937677676080318e-01
3.710691823899371e-01 9.937684232222497e-01
3.728075044166668e-01 9.937037048509858e-01
3.756201685393081e-01 9.937761978367365e-01
3.773584905660378e-01 9.939240092092618e-01
3.773584905660378e-01 9.939242466720263e-01
3.790968125927675e-01 9.941421453543918e-01
3.819094767154087e-01 9.946169459999030e-01
3.836477987421384e-01 9.949651174113892e-01
3.836477987421384e-01 9.949649382795543e-01
3.853861207688681e-01 9.953380021413367e-01
3.881987848915093e-01 9.959554249711895e-01
3.899371069182390e-01 9.963231176014280e-01
3.899371069182390e-01 9.963226538711158e-01
3.916754289449687e-01 9.966640180881017e-01
3.944880930676100e-01 9.971288309850487e-01
3.962264150943396e-01 9.973486518629114e-01
3.962264150943396e-01 9.973482293106346e-01
3.979647371210693e-01 9.975091758067047e-01
4.007774012437106e-01 9.976350318940891e-01
4.025157232704403e-01 9.976302209265969e-01
4.025157232704403e-01 9.976301458969644e-01
4.042540452971700e-01 9.975648973361531e-01
4.070667094198112e-01 9.973421905338767e-01
4.088050314465409e-01 9.971408330821104e-01
4.088050314465409e-01 9.971409818035144e-01
4.105433534732706e-01 9.968977088499127e-01
4.133560175959118e-01 9.964298661541986e-01
4.150943396226415e-01 9.961016861325644e-01
4.150943396226415e-01 9.961015631408533e-01
4.168326616493712e-01 9.957480511969631e-01
4.196453257720125e-01 9.951284228788979e-01
4.213836477987422e-01 9.947205428587539e-01
4.213836477987422e-01 9.947202500614749e-01
4.231219698254718e-01 9.942979215681769e-01
4.259346339481131e-01 9.935971259172831e-01
4.276729559748428e-01 9.931665657143184e-01
4.276729559748428e-01 9.931670759598014e-01
4.294112780015725e-01 9.927497517065939e-01
4.322239421242137e-01 9.921324963707504e-01
4.339622641509434e-01 9.917997513649567e-01
4.339622641509434e-01 9.918002351469036e-01
4.357005861776731e-01 9.915111056353250e-01
4.385132503003144e-01 9.911391839328086e-01
4.402515723270440e-01 9.909617595477882e-01
4.402515723270440e-01 9.909612212130727e-01
4.419898943537737e-01 9.908167903380896e-01
4.448025584764150e-01 9.906316148746703e-01
4.465408805031447e-01 9.905402694426557e-01
4.465408805031447e-01 9.905400123778472e-01
4.482792025298744e-01 9.904644404837581e-01
4.510918666525156e-01 9.903825237240367e-01
4.528301886792453e-01 9.903672549677957e-01
4.528301886792453e-01 9.903679221154383e-01
4.545685107059750e-01 9.903880608085602e-01
4.573811748286162e-01 9.905158432823060e-01
4.591194968553459e-01 9.906572533850521e-01
4.591194968553459e-01 9.906574523938649e-01
4.608578188820756e-01 9.908454428149726e-01
4.636704830047169e-01 9.912347685477018e-01
4.654088050314465e-01 9.915146831696982e-01
4.654088050314465e-01 9.915142703707415e-01
4.671471270581762e-01 9.918136661205258e-01
4.699597911808175e-01 9.923163374076941e-01
4.716981132075472e-01 9.926298843049471e-01
4.716981132075472e-01 9.926299170028861e-01
4.734364352342769e-01 9.929414231021899e-01
4.762490993569181e-01 9.934388835284238e-01
4.779874213836478e-01 9.937416174618190e-01
4.779874213836478e-01 9.937416847281136e-01
4.797257434103775e-01 9.940397571435715e-01
4.825384075330187e-01 9.945059555523075e-01
4.842767295597484e-01 9.947778351242891e-01
4.842767295597484e-01 9.947770848282588e-01
4.860150515864781e-01 9.950322162878040e-01
4.888277157091194e-01 9.953982341444010e-01
4.905660377358491e-01 9.955983697575693e-01
4.905660377358491e-01 9.955981357695927e-01
4.923043597625787e-01 9.957850283579439e-01
4.951170238852200e-01 9.960877343637183e-01
4.968553459119497e-01 9.962991681321971e-01
4.968553459119497e-01 9.963001763384628e-01
4.985936679386794e-01 9.965486178263742e-01
5.014063320613206e-01 9.970705184112273e-01
5.031446540880503e-01 9.974795407290328e-01
5.031446540880503e-01 9.974801068095468e-01
5.048829761147801e-01 9.979585663804529e-01
5.076956402374212e-01 9.988716219330709e-01
5.094339622641509e-01 9.995060145961361e-01
5.094339622641509e-01 9.995055788280771e-01
5.111722842908807e-01 1.000179187276799e+00
5.139849484135218e-01 1.001315183039896e+00
5.157232704402516e-01 1.002027581354940e+00
5.157232704402516e-01 1.002027065989259e+00
5.174615924669813e-01 1.002736496105025e+00
5.202742565896225e-01 1.003862483786037e+00
5.220125786163522e-01 1.004543840547488e+00
5.220125786163522e-01 1.004544111141859e+00
5.237509006430819e-01 1.005216015059176e+00
5.265635647657231e-01 1.006294574758514e+00
5.283018867924528e-01 1.006961033626187e+00
5.283018867924528e-01 1.006961785208887e+00
5.300402088191826e-01 1.007629831252024e+00
5.328528729418237e-01 1.008714208260968e+00
5.345911949685535e-01 1.009376029995769e+00
5.345911949685535e-01 1.009376537040422e+00
5.363295169952832e-01 1.010019496861319e+00
5.391421811179243e-01 1.010983898917959e+00
5.408805031446541e-01 1.011501947286016e+00
5.408805031446541e-01 1.011501438337604e+00
5.426188251713838e-01 1.011933774740170e+00
5.454314892940250e-01 1.012385223475432e+00
5.471698113207547e-01 1.012472650452282e+00
5.471698113207547e-01 1.012470044660165e+00
5.489081333474845e-01 1.012387073968101e+00
5.517207974701256e-01 1.011840237450791e+00
5.534591194968553e-01 1.011249599340895e+00
5.534591194968553e-01 1.011248369516174e+00
5.551974415235851e-01 1.010482327708778e+00
5.580101056462262e-01 1.008956781555586e+00
5.597484276729560e-01 1.007918854416139e+00
5.597484276729560e-01 1.007922150739891e+00
5.614867496996857e-01 1.006876517226204e+00
5.642994138223268e-01 1.005320327480543e+00
5.660377358490566e-01 1.004493596181143e+00
5.660377358490566e-01 1.004495398749802e+00
5.677760578757863e-01 1.003791354923116e+00
5.705887219984275e-01 1.002903821233625e+00
5.723270440251572e-01 1.002471938688059e+00
5.723270440251572e-01 1.002470863530657e+00
5.740653660518870e-01 1.002090396966939e+00
5.768780301745281e-01 1.001481303077862e+00
5.786163522012578e-01 1.001054913046170e+00
5.786163522012578e-01 1.001052346764313e+00
5.803546742279876e-01 1.000555024975087e+00
5.831673383506287e-01 9.995437542712746e-01
5.849056603773585e-01 9.987937022044383e-01
5.849056603773585e-01 9.987935829339994e-01
5.866439824040882e-01 9.979640907621515e-01
5.894566465267294e-01 9.965311735466083e-01
5.911949685534591e-01 9.956486552271654e-01
5.911949685534591e-01 9.956509619292941e-01
5.929332905801888e-01 9.948134330626744e-01
5.957459547028300e-01 9.936380231210649e-01
5.974842767295597e-01 9.930413315556889e-01
5.974842767295597e-01 9.930416939002797e-01
5.992225987562895e-01 9.925459314639755e-01
6.020352628789307e-01 9.919290599093155e-01
6.037735849056605e-01 9.916340344636084e-01
6.037735849056605e-01 9.916332078274416e-01
6.055119069323902e-01 9.913818774696286e-01
6.083245710550313e-01 9.910205645343725e-01
6.100628930817611e-01 9.908075895566790e-01
6.100628930817611e-01 9.908072545502359e-01
6.118012151084908e-01 9.905932603712032e-01
6.146138792311320e-01 9.902369239185158e-01
6.163522012578617e-01 9.900118770871305e-01
6.163522012578617e-01 9.900118876653320e-01
6.180905232845915e-01 9.897857664827936e-01
6.209031874072326e-01 9.894253681471352e-01
6.226415094339623e-01 9.892107565945129e-01
6.226415094339623e-01 9.892106362463260e-01
6.243798314606921e-01 9.890059004338183e-01
6.271924955833332e-01 9.887024594762318e-01
6.289308176100630e-01 9.885377859463805e-01
6.289308176100630e-01 9.885376447572328e-01
6.306691396367927e-01 9.883956133410545e-01
6.334818037594339e-01 9.882268786407080e-01
6.352201257861636e-01 9.881709638044951e-01
6.352201257861636e-01 9.881711709206847e-01
6.369584478128933e-01 9.881608953366008e-01
6.397711119355345e-01 9.882622658374816e-01
6.415094339622642e-01 9.884089850677819e-01
6.415094339622642e-01 9.884093781437989e-01
6.432477559889940e-01 9.886272660750653e-01
6.460604201116351e-01 9.891422361579171e-01
6.477987421383649e-01 9.895622318936615e-01
6.477987421383649e-01 9.895623799850282e-01
6.495370641650946e-01 9.900589365443897e-01
6.523497282877357e-01 9.910172990864917e-01
6.540880503144655e-01 9.916981701702370e-01
6.540880503144655e-01 9.916982589798404e-01
6.558263723411952e-01 9.924405892188123e-01
6.586390364638364e-01 9.937584416025561e-01
6.603773584905661e-01 9.946359036979016e-01
6.603773584905661e-01 9.946362658645275e-01
6.621156805172959e-01 9.955541113108715e-01
6.649283446399370e-01 9.971087945206406e-01
6.666666666666667e-01 9.980984105278928e-01
6.666666666666667e-01 9.980989779308325e-01
6.684049886933965e-01 9.990972775251399e-01
6.712176528160376e-01 1.000699150406966e+00
6.729559748427674e-01 1.001653084276479e+00
6.729559748427674e-01 1.001653276113826e+00
6.746942968694971e-01 1.002555097980446e+00
6.775069609921383e-01 1.003842514758109e+00
6.792452830188680e-01 1.004488585328541e+00
6.792452830188680e-01 1.004486908545312e+00
6.809836050455977e-01 1.004985785635292e+00
6.837962691682389e-01 1.005399466826286e+00
6.855345911949686e-01 1.005379191935458e+00
6.855345911949686e-01 1.005375893420653e+00
6.872729132216984e-01 1.005132365259810e+00
6.900855773443395e-01 1.004261679785446e+00
6.918238993710693e-01 1.003477114236311e+00
6.918238993710693e-01 1.003478248997386e+00
6.935622213977990e-01 1.002558913538595e+00
6.963748855204401e-01 1.000957032638595e+00
6.981132075471699e-01 9.999991823226372e-01
6.981132075471699e-01 1.000002440471055e+00
6.998515295738996e-01 9.991372449366082e-01
7.026641936965408e-01 9.980497869882435e-01
7.044025157232705e-01 9.975921211452375e-01
7.044025157232705e-01 9.975925720940151e-01
7.061408377500002e-01 9.972980071803846e-01
7.089535018726414e-01 9.971265051002551e-01
7.106918238993711e-01 9.971718853678503e-01
7.106918238993711e-01 9.971713008695549e-01
7.124301459261009e-01 9.973025764027010e-01
7.152428100487420e-01 9.976327439914485e-01
7.169811320754718e-01 9.978777166946949e-01
7.169811320754718e-01 9.978772373645047e-01
7.187194541022015e-01 9.981325166994411e-01
7.215321182248426e-01 9.985290058310523e-01
7.232704402515724e-01 9.987470069335195e-01
7.232704402515724e-01 9.987463669815518e-01
7.250087622783021e-01 9.989338512450352e-01
7.278214264009433e-01 9.991549361225706e-01
7.295597484276730e-01 9.992385283571320e-01
7.295597484276730e-01 9.992379466181465e-01
7.312980704544028e-01 9.992833726969920e-01
7.341107345770439e-01 9.992898431782905e-01
7.358490566037736e-01 9.992707811462183e-01
7.358490566037736e-01 9.992711655366157e-01
7.375873786305034e-01 9.992512483832022e-01
7.404000427531445e-01 9.992624886937984e-01
7.421383647798743e-01 9.993214366983817e-01
7.421383647798743e-01 9.993224689063580e-01
7.438766868066040e-01 9.994371470093419e-01
7.466893509292452e-01 9.997695525782088e-01
7.484276729559749e-01 1.000068879852706e+00
7.484276729559749e-01 1.000069494540715e+00
7.501659949827046e-01 1.000436905145246e+00
7.529786591053458e-01 1.001154721191778e+00
7.547169811320755e-01 1.001651017844310e+00
7.547169811320755e-01 1.001650818757382e+00
7.564553031588053e-01 1.002166376573007e+00
7.592679672814464e-01 1.002988474178224e+00
7.610062893081762e-01 1.003457010960826e+00
7.610062893081762e-01 1.003455966344475e+00
7.627446113349059e-01 1.003871891697703e+00
7.655572754575470e-01 1.004386181307643e+00
7.672955974842768e-01 1.004590220259893e+00
7.672955974842768e-01 1.004589184678957e+00
7.690339195110065e-01 1.004700963114083e+00
7.718465836336477e-01 1.004689927897836e+00
7.735849056603774e-01 1.004583937135410e+00
7.735849056603774e-01 1.004584507789456e+00
7.753232276871072e-01 1.004422458778052e+00
7.781358918097483e-01 1.004099656761484e+00
7.798742138364780e-01 1.003894470822861e+00
7.798742138364780e-01 1.003895730864223e+00
7.816125358632078e-01 1.003705806224186e+00
7.844251999858489e-01 1.003461964941397e+00
7.861635220125787e-01 1.003350326161321e+00
7.861635220125787e-01 1.003350281845765e+00
7.879018440393084e-01 1.003261787920191e+00
7.907145081619495e-01 1.003135080064907e+00
7.924528301886793e-01 1.003043663791219e+00
7.924528301886793e-01 1.003042629116594e+00
7.941911522154090e-01 1.002924995908044e+00
7.970038163380502e-01 1.002646998008969e+00
7.987421383647799e-01 1.002415744047989e+00
7.987421383647799e-01 1.002415428150785e+00
8.004804603915097e-01 1.002140541138406e+00
8.032931245141508e-01 1.001622269326160e+00
8.050314465408805e-01 1.001275341139067e+00
8.050314465408805e-01 1.001275660880917e+00
8.067697685676103e-01 1.000923818282087e+00
8.095824326902514e-01 1.000378326887482e+00
8.113207547169812e-01 1.000072790986866e+00
8.113207547169812e-01 1.000072996603587e+00
8.130590767437109e-01 9.998027183117217e-01
8.158717408663521e-01 9.994603527932930e-01
8.176100628930818e-01 9.993169831706106e-01
8.176100628930818e-01 9.993172804055958e-01
8.193483849198115e-01 9.992320147455326e-01
8.221610490424527e-01 9.992283196853020e-01
8.238993710691824e-01 9.993118291871467e-01
8.238993710691824e-01 9.993120883876684e-01
8.256376930959122e-01 9.994614620870368e-01
8.284503572185533e-01 9.998398009237357e-01
8.301886792452831e-01 1.000152299885281e+00
8.301886792452831e-01 1.000152441095142e+00
8.319270012720128e-01 1.000519154870965e+00
8.347396653946539e-01 1.001212016746699e+00
8.364779874213837e-01 1.001689848379645e+00
8.364779874213837e-01 1.001689784786129e+00
8.382163094481134e-01 1.002195756148981e+00
8.410289735707546e-01 1.003051032443547e+00
8.427672955974843e-01 1.003588267839639e+00
8.427672955974843e-01 1.003587952402831e+00
8.445056176242141e-01 1.004121785847798e+00
8.473182817468552e-01 1.004957421678131e+00
8.490566037735849e-01 1.005447685085363e+00
8.490566037735849e-01 1.005447339639659e+00
8.507949258003147e-01 1.005912878240103e+00
8.536075899229558e-01 1.006607481604925e+00
8.553459119496856e-01 1.007001862107439e+00
8.553459119496856e-01 1.007001726795671e+00
8.570842339764153e-01 1.007372420622434e+00
8.598968980990565e-01 1.007932954004437e+00
8.616352201257862e-01 1.008264735781769e+00
8.616352201257862e-01 1.008265101604900e+00
8.633735421525159e-01 1.008593451945751e+00
8.661862062751571e-01 1.009137396885669e+00
8.679245283018868e-01 1.009489969788355e+00
8.679245283018868e-01 1.009490787982226e+00
8.696628503286166e-01 1.009859643097131e+00
8.724755144512577e-01 1.010495071716144e+00
8.742138364779874e-01 1.010902609647812e+00
8.742138364779874e-01 1.010902984198986e+00
8.759521585047172e-01 1.011310130872773e+00
8.787648226273583e-01 1.011930993126906e+00
8.805031446540881e-01 1.012260402689068e+00
8.805031446540881e-01 1.012259446504999e+00
8.822414666808178e-01 1.012522732064377e+00
8.850541308034590e-01 1.012748101152440e+00
8.867924528301887e-01 1.012736240096996e+00
8.867924528301887e-01 1.012734536197966e+00
8.885307748569184e-01 1.012593366515350e+00
8.913434389795596e-01 1.012073901025041e+00
8.930817610062893e-01 1.011587699776401e+00
8.930817610062893e-01 1.011587437585568e+00
8.948200830330191e-01 1.010995605708958e+00
8.976327471556602e-01 1.009883150477964e+00
8.993710691823900e-01 1.009151406295353e+00
8.993710691823900e-01 1.009152697953807e+00
9.011093912091197e-01 1.008426401729566e+00
9.039220553317608e-01 1.007348650651142e+00
9.056603773584906e-01 1.006779324075134e+00
9.056603773584906e-01 1.006780622107565e+00
9.073986993852203e-01 1.006305144812889e+00
9.102113635078615e-01 1.005761328650557e+00
9.119496855345912e-01 1.005561313287476e+00
9.119496855345912e-01 1.005561917095674e+00
9.136880075613210e-01 1.005455954447262e+00
9.165006716839621e-01 1.005446808297939e+00
9.182389937106918e-01 1.005507302690924e+00
9.182389937106918e-01 1.005506585111227e+00
9.199773157374216e-01 1.005588914410165e+00
9.227899798600627e-01 1.005696075992748e+00
9.245283018867925e-01 1.005707809027367e+00
9.245283018867925e-01 1.005705864685107e+00
9.262666239135222e-01 1.005652590407510e+00
9.290792880361634e-01 1.005387458728074e+00
9.308176100628931e-01 1.005115622488203e+00
9.308176100628931e-01 1.005115487016626e+00
9.325559320896228e-01 1.004773897801085e+00
9.353685962122640e-01 1.004133459659968e+00
9.371069182389937e-01 1.003729722775396e+00
9.371069182389937e-01 1.003731573531588e+00
9.388452402657235e-01 1.003355277561574e+00
9.416579043883646e-01 1.002872192848277e+00
9.433962264150944e-01 1.002666625561744e+00
9.433962264150944e-01 1.002666944149004e+00
9.451345484418241e-01 1.002533939945812e+00
9.479472125644652e-01 1.002448405620260e+00
9.496855345911950e-01 1.002451292550355e+00
9.496855345911950e-01 1.002450290378878e+00
9.514238566179247e-01 1.002476950724025e+00
9.542365207405659e-01 1.002529448125696e+00
9.559748427672956e-01 1.002556040571935e+00
9.559748427672956e-01 1.002555719314908e+00
9.577131647940254e-01 1.002574683385292e+00
9.605258289166665e-01 1.002598307468218e+00
9.622641509433962e-01 1.002621791558738e+00
9.622641509433962e-01 1.002622449982653e+00
9.640024729701260e-01 1.002663572428802e+00
9.668151370927671e-01 1.002793111712519e+00
9.685534591194969e-01 1.002919305414522e+00
9.685534591194969e-01 1.002919612122511e+00
9.702917811462266e-01 1.003082659962471e+00
9.731044452688677e-01 1.003417656367389e+00
9.748427672955975e-01 1.003658223100047e+00
9.748427672955975e-01 1.003657885273118e+00
9.765810893223272e-01 1.003914993026169e+00
9.793937534449684e-01 1.004343690202969e+00
9.811320754716981e-01 1.004606843714228e+00
9.811320754716981e-01 1.004606714398657e+00
9.828703974984279e-01 1.004863226847050e+00
9.856830616210690e-01 1.005259738773569e+00
9.874213836477987e-01 1.005494088963892e+00
9.874213836477987e-01 1.005494722256312e+00
9.891597056745285e-01 1.005721437617506e+00
9.919723697971696e-01 1.006075960779818e+00
9.937106918238994e-01 1.006281889107706e+00
9.937106918238994e-01 1.006282325256423e+00
9.954490138506291e-01 1.006469840235853e+00
9.982616779732703e-01 1.006705114612041e+00
1.000000000000000e+00 1.006781330163150e+00
END_SOLUTION
