NX: 33
NY: 33
P: 0
VISC: 0.001
NREF: 0
INISOL: TAYLOR_GREEN
DT: 0.01
TSIM: 2.0
NDUMP: 1000
USE_LES: TRUE
SGS_MODEL_TYPE: vreman
SGS_C_VREMAN: 0.07
BEGIN_SOLUTION
0.000000000000000e+00 0.000000000000000e+00 4.419340823941446e-01 4.191311298559272e-01
3.125000000000000e-02 3.125000000000000e-02 4.577132186052013e-01 4.574337381304455e-01
6.250000000000000e-02 6.250000000000000e-02 4.533924364891104e-01 4.518901891842185e-01
9.375000000000000e-02 9.375000000000000e-02 4.986727889624690e-01 5.405473876624037e-01
1.250000000000000e-01 1.250000000000000e-01 5.233103719198896e-01 5.442139238147186e-01
1.562500000000000e-01 1.562500000000000e-01 5.162701165440047e-01 5.110236056559463e-01
1.875000000000000e-01 1.875000000000000e-01 5.240952133380651e-01 5.108687488366616e-01
2.187500000000000e-01 2.187500000000000e-01 5.092177135702496e-01 4.893931851421319e-01
2.500000000000000e-01 2.500000000000000e-01 5.323542666238628e-01 5.582240933300423e-01
2.812500000000000e-01 2.812500000000000e-01 5.838580413582499e-01 6.308631064138887e-01
3.125000000000000e-01 3.125000000000000e-01 6.026585808922238e-01 6.230211117170691e-01
3.437500000000000e-01 3.437500000000000e-01 6.152459459249476e-01 6.176433367874559e-01
3.750000000000000e-01 3.750000000000000e-01 6.055980934658083e-01 5.845104860326370e-01
4.062500000000000e-01 4.062500000000000e-01 5.738496558813321e-01 5.540403401518670e-01
4.375000000000000e-01 4.375000000000000e-01 5.916091570376744e-01 6.177560655495893e-01
4.687500000000000e-01 4.687500000000000e-01 6.467967479272568e-01 6.898316430220883e-01
5.000000000000000e-01 5.000000000000000e-01 6.917722124076751e-01 7.215391587497738e-01
5.312500000000000e-01 5.312500000000000e-01 7.203044538852548e-01 7.386626629691390e-01
5.625000000000000e-01 5.625000000000000e-01 6.958460451641413e-01 6.825389688549258e-01
5.937500000000000e-01 5.937500000000000e-01 6.299695147483999e-01 6.017890431474298e-01
6.250000000000000e-01 6.250000000000000e-01 6.241109578609196e-01 6.375666540830061e-01
6.562500000000000e-01 6.562500000000000e-01 7.074728458912243e-01 7.582829297985285e-01
6.875000000000000e-01 6.875000000000000e-01 7.987752767473327e-01 8.380591749130104e-01
7.187500000000000e-01 7.187500000000000e-01 8.149420673868821e-01 8.240858027307520e-01
7.500000000000000e-01 7.500000000000000e-01 7.435172870745771e-01 7.241468432392816e-01
7.812500000000000e-01 7.812500000000000e-01 6.481397389788772e-01 6.179262603351643e-01
8.125000000000000e-01 8.125000000000000e-01 6.560931655800396e-01 6.760809534049087e-01
8.437500000000000e-01 8.437500000000000e-01 8.169815956082771e-01 8.956638485519927e-01
8.750000000000000e-01 8.750000000000000e-01 9.471676883505655e-01 9.829239879396839e-01
9.062500000000000e-01 9.062500000000000e-01 8.368765561099600e-01 7.997223791143713e-01
9.375000000000000e-01 9.375000000000000e-01 6.432080181026031e-01 6.172003301242430e-01
9.687500000000000e-01 9.687500000000000e-01 5.174450360929294e-01 5.169650164565937e-01
1.000000000000000e+00 1.000000000000000e+00 4.863996043918641e-01 4.928262710911009e-01
END_SOLUTION
