NX: 33
NY: 33
P: 0
VISC: 0.001
NREF: 0
INISOL: TAYLOR_GREEN
DT: 0.0001
TSIM: 2.0
NDUMP: 1000
USE_LES: FALSE
BEGIN_SOLUTION
0.000000000000000e+00 0.000000000000000e+00 8.997767073132718e-01 8.095351181686361e-01
3.125000000000000e-02 3.125000000000000e-02 7.010951394946592e-01 7.520091348591295e-01
6.250000000000000e-02 6.250000000000000e-02 1.064384618235200e+00 1.170808307357183e+00
9.375000000000000e-02 9.375000000000000e-02 1.236126043522281e+00 1.155778053136359e+00
1.250000000000000e-01 1.250000000000000e-01 7.363495210427617e-01 5.901480026119660e-01
1.562500000000000e-01 1.562500000000000e-01 3.008303704887164e-01 2.530225607779027e-01
1.875000000000000e-01 1.875000000000000e-01 2.115094032271321e-01 2.051467095008252e-01
2.187500000000000e-01 2.187500000000000e-01 2.215933318813549e-01 2.221222834610295e-01
2.500000000000000e-01 2.500000000000000e-01 2.482943537067416e-01 2.503631909832070e-01
2.812500000000000e-01 2.812500000000000e-01 2.781116192742972e-01 2.806472782253095e-01
3.125000000000000e-01 3.125000000000000e-01 3.084685753848674e-01 3.112818394128719e-01
3.437500000000000e-01 3.437500000000000e-01 3.388474344015496e-01 3.419393131336105e-01
3.750000000000000e-01 3.750000000000000e-01 3.691357544978910e-01 3.724620354304610e-01
4.062500000000000e-01 4.062500000000000e-01 3.994046620056084e-01 4.029842171442952e-01
4.375000000000000e-01 4.375000000000000e-01 4.292942711905534e-01 4.330763718815683e-01
4.687500000000000e-01 4.687500000000000e-01 4.594963921393230e-01 4.635770598327286e-01
5.000000000000000e-01 5.000000000000000e-01 4.887615907134013e-01 4.928858705478973e-01
5.312500000000000e-01 5.312500000000000e-01 5.187384896156370e-01 5.233738731977443e-01
5.625000000000000e-01 5.625000000000000e-01 5.480044413219257e-01 5.524586036079129e-01
5.937500000000000e-01 5.937500000000000e-01 5.761333530850720e-01 5.807570762864721e-01
6.250000000000000e-01 6.250000000000000e-01 6.065740240335976e-01 6.127977896733436e-01
6.562500000000000e-01 6.562500000000000e-01 6.358065192010075e-01 6.379898246369892e-01
6.875000000000000e-01 6.875000000000000e-01 6.533535381544688e-01 6.622747375779482e-01
7.187500000000000e-01 7.187500000000000e-01 7.099265112576173e-01 7.151987054575383e-01
7.500000000000000e-01 7.500000000000000e-01 6.934635371941130e-01 6.882682554374419e-01
7.812500000000000e-01 7.812500000000000e-01 7.499419044749461e-01 7.778129882559679e-01
8.125000000000000e-01 8.125000000000000e-01 8.063648932466463e-01 7.914080067463535e-01
8.437500000000000e-01 8.437500000000000e-01 7.344845803860244e-01 7.323276326535149e-01
8.750000000000000e-01 8.750000000000000e-01 8.383926138431111e-01 8.856713697077782e-01
9.062500000000000e-01 9.062500000000000e-01 9.217692028156139e-01 8.936883366309246e-01
9.375000000000000e-01 9.375000000000000e-01 7.708757870803357e-01 7.451195095449858e-01
9.687500000000000e-01 9.687500000000000e-01 8.438220826339896e-01 9.221559877334864e-01
1.000000000000000e+00 1.000000000000000e+00 1.076484983951896e+00 1.074730723458445e+00
END_SOLUTION
