# Input file for fr-burgers-turbulent.py program
N                   -1 # Number of mesh points
NX                  11 # Number of mesh points in X
NY                  11 # Number of mesh points in Y
NREF                 0 # Number of refinement levels of the mesh
P                    2 # Polynomial degree for FR scheme, which is the degree of the lagrange polynomial
VISC          0.010000 # Viscosity
INISOL    TAYLOR_GREEN # Initial solution type: SINE,GAUSSIAN,SQUARE,TURBULENT
DT            0.000100 # Time step
TSIM          0.100000 # Maximum number of iterations
NDUMP              500 # Interval of iterations to dump a solution
# --- LES Parameters ---
USE_LES                   FALSE

BEGIN_SOLUTION
0.000000000000000e+00 0.000000000000000e+00 1.254814153833425e-01 -3.954106751469311e-02

5.000000000000000e-02 0.000000000000000e+00 1.669059476143012e-01 -7.816129212045986e-02

1.000000000000000e-01 0.000000000000000e+00 3.186659734409407e-01 -5.481921966230399e-02

0.000000000000000e+00 5.000000000000000e-02 1.408252760601479e-01 -7.195616489981724e-02

5.000000000000000e-02 5.000000000000000e-02 1.723904234777911e-01 -1.737560157944245e-01

1.000000000000000e-01 5.000000000000000e-02 3.265065773278192e-01 -1.093680304270123e-01

0.000000000000000e+00 1.000000000000000e-01 1.305025460335333e-01 -1.641159569483536e-01

5.000000000000000e-02 1.000000000000000e-01 1.701940835819415e-01 -3.412608087503078e-01

1.000000000000000e-01 1.000000000000000e-01 3.240726996031941e-01 -2.210756570908193e-01

1.000000000000000e-01 0.000000000000000e+00 2.879960674809253e-01 -7.798512973656263e-02

1.500000000000000e-01 0.000000000000000e+00 4.117298017488369e-01 -7.670193892853988e-02

2.000000000000000e-01 0.000000000000000e+00 5.434598093245836e-01 -7.171317359806359e-02

1.000000000000000e-01 5.000000000000000e-02 2.964676881566678e-01 -1.711569652788524e-01

1.500000000000000e-01 5.000000000000000e-02 4.268130888635041e-01 -1.687649638497690e-01

2.000000000000000e-01 5.000000000000000e-02 5.612020785561103e-01 -1.548155697797211e-01

1.000000000000000e-01 1.000000000000000e-01 2.943906088251597e-01 -3.372852676516443e-01

1.500000000000000e-01 1.000000000000000e-01 4.209934468970076e-01 -3.313629757611563e-01

2.000000000000000e-01 1.000000000000000e-01 5.522198699320482e-01 -3.039570298265107e-01

2.000000000000000e-01 0.000000000000000e+00 5.354290143030005e-01 -7.352152547945104e-02

2.500000000000000e-01 0.000000000000000e+00 6.480299375952693e-01 -6.907915008476737e-02

3.000000000000000e-01 0.000000000000000e+00 7.385976722224863e-01 -6.505505675264500e-02

2.000000000000000e-01 5.000000000000000e-02 5.565680497139116e-01 -1.590073472840748e-01

2.500000000000000e-01 5.000000000000000e-02 6.739058101052419e-01 -1.471799262128762e-01

3.000000000000000e-01 5.000000000000000e-02 7.749504113286420e-01 -1.365771010503021e-01

2.000000000000000e-01 1.000000000000000e-01 5.474396020643713e-01 -3.118905826740532e-01

2.500000000000000e-01 1.000000000000000e-01 6.596035549426965e-01 -2.885052304060925e-01

3.000000000000000e-01 1.000000000000000e-01 7.551621432341087e-01 -2.660983072362166e-01

3.000000000000000e-01 0.000000000000000e+00 7.431052638866515e-01 -6.343437947671332e-02

3.500000000000000e-01 0.000000000000000e+00 8.270329318848576e-01 -5.630608202785957e-02

4.000000000000000e-01 0.000000000000000e+00 9.023885316997209e-01 -4.504836558243845e-02

3.000000000000000e-01 5.000000000000000e-02 7.755520254338619e-01 -1.334623380959638e-01

3.500000000000000e-01 5.000000000000000e-02 8.621030585353359e-01 -1.182019192568005e-01

4.000000000000000e-01 5.000000000000000e-02 9.314111721615894e-01 -9.486436911505881e-02

3.000000000000000e-01 1.000000000000000e-01 7.554204980048833e-01 -2.608599760841840e-01

3.500000000000000e-01 1.000000000000000e-01 8.365245747357746e-01 -2.298796385444348e-01

4.000000000000000e-01 1.000000000000000e-01 8.988069932692798e-01 -1.845081351162016e-01

4.000000000000000e-01 0.000000000000000e+00 8.991119491974001e-01 -4.634692225256513e-02

4.500000000000000e-01 0.000000000000000e+00 9.506965193491470e-01 -3.485492636625653e-02

5.000000000000000e-01 0.000000000000000e+00 9.776491714390840e-01 -2.275579671143530e-02

4.000000000000000e-01 5.000000000000000e-02 9.303922518653078e-01 -9.816047935522970e-02

4.500000000000000e-01 5.000000000000000e-02 9.754480268946376e-01 -7.579346210521477e-02

5.000000000000000e-01 5.000000000000000e-02 9.958695395327934e-01 -5.674563559255741e-02

4.000000000000000e-01 1.000000000000000e-01 8.986337258966773e-01 -1.899558225475274e-01

4.500000000000000e-01 1.000000000000000e-01 9.381681614709063e-01 -1.455253705716601e-01

5.000000000000000e-01 1.000000000000000e-01 9.547639198104625e-01 -1.052828504414290e-01

5.000000000000000e-01 0.000000000000000e+00 9.801959486674854e-01 -2.183827017876124e-02

5.500000000000000e-01 0.000000000000000e+00 9.579921270802815e-01 -4.415379705169011e-03

6.000000000000001e-01 0.000000000000000e+00 8.575055971560529e-01 2.127569151275443e-02

5.000000000000000e-01 5.000000000000000e-02 9.953191374540216e-01 -5.332697533063121e-02

5.500000000000000e-01 5.000000000000000e-02 9.925785664874689e-01 -2.678695176953201e-02

6.000000000000001e-01 5.000000000000000e-02 9.626743564021459e-01 1.000390069750010e-02

5.000000000000000e-01 1.000000000000000e-01 9.544501371881567e-01 -9.990385531914597e-02

5.500000000000000e-01 1.000000000000000e-01 9.371725341828188e-01 -4.673450069428874e-02

6.000000000000001e-01 1.000000000000000e-01 8.771006377221152e-01 2.533829342086481e-02

6.000000000000001e-01 0.000000000000000e+00 8.638748982397464e-01 1.912152934513452e-02

6.500000000000001e-01 0.000000000000000e+00 7.338907769328088e-01 4.481388136731768e-02

7.000000000000001e-01 0.000000000000000e+00 5.911525819575386e-01 6.736660275400910e-02

6.000000000000001e-01 5.000000000000000e-02 9.614261693586551e-01 5.574306683112742e-03

6.500000000000001e-01 5.000000000000000e-02 8.980258016473399e-01 3.757744982923059e-02

7.000000000000001e-01 5.000000000000000e-02 8.031584589220970e-01 6.026347895644590e-02

6.000000000000001e-01 1.000000000000000e-01 8.797705510926065e-01 1.707319968761630e-02

6.500000000000001e-01 1.000000000000000e-01 7.865192162236050e-01 8.323338469382220e-02

7.000000000000001e-01 1.000000000000000e-01 6.621160432684384e-01 1.338247043222669e-01

7.000000000000001e-01 0.000000000000000e+00 5.923384552778304e-01 6.969140758165003e-02

7.500000000000000e-01 0.000000000000000e+00 4.499024883815582e-01 9.384313301927041e-02

8.000000000000000e-01 0.000000000000000e+00 3.199683801522123e-01 1.198013157963417e-01

7.000000000000001e-01 5.000000000000000e-02 8.069427014400120e-01 6.546384249717822e-02

7.500000000000000e-01 5.000000000000000e-02 7.000360617184360e-01 9.567955444504275e-02

8.000000000000000e-01 5.000000000000000e-02 5.858402348773145e-01 1.366598462427588e-01

7.000000000000001e-01 1.000000000000000e-01 6.651547231533445e-01 1.442613155369294e-01

7.500000000000000e-01 1.000000000000000e-01 5.297048045463205e-01 2.050462646239611e-01

8.000000000000000e-01 1.000000000000000e-01 4.038228983822470e-01 2.782247337832472e-01

8.000000000000000e-01 0.000000000000000e+00 3.179928809296843e-01 1.154826767795874e-01

8.500000000000001e-01 0.000000000000000e+00 2.117489983837627e-01 1.296090429282709e-01

9.000000000000000e-01 0.000000000000000e+00 1.265419878757710e-01 1.323780954566207e-01

8.000000000000000e-01 5.000000000000000e-02 5.828579323245922e-01 1.280546227657475e-01

8.500000000000001e-01 5.000000000000000e-02 4.438600914571518e-01 1.505573979019884e-01

9.000000000000000e-01 5.000000000000000e-02 2.792287510227637e-01 1.479718445372052e-01

8.000000000000000e-01 1.000000000000000e-01 4.021756578312980e-01 2.594536642854589e-01

8.500000000000001e-01 1.000000000000000e-01 2.892281271048476e-01 2.945169379989537e-01

9.000000000000000e-01 1.000000000000000e-01 1.786343903106170e-01 2.858585462941468e-01

9.000000000000000e-01 0.000000000000000e+00 1.238959965595346e-01 1.413761508244248e-01

9.500000000000000e-01 0.000000000000000e+00 6.045630569870098e-02 1.500919506728490e-01

1.000000000000000e+00 0.000000000000000e+00 -2.721298018475501e-03 1.754384939877120e-01

9.000000000000000e-01 5.000000000000000e-02 2.954465453244419e-01 1.641459904317479e-01

9.500000000000000e-01 5.000000000000000e-02 1.632479519842186e-01 1.762651851184514e-01

1.000000000000000e+00 5.000000000000000e-02 5.311459572105388e-02 2.088451338014099e-01

9.000000000000000e-01 1.000000000000000e-01 1.865197679993126e-01 3.210087442233914e-01

9.500000000000000e-01 1.000000000000000e-01 1.009529105254989e-01 3.387238683421315e-01

1.000000000000000e+00 1.000000000000000e-01 2.679362472568230e-02 3.965880933363244e-01

0.000000000000000e+00 1.000000000000000e-01 1.368516245269555e-01 -1.141385708282636e-01

5.000000000000000e-02 1.000000000000000e-01 1.580016799506865e-01 -2.820250650586861e-01

1.000000000000000e-01 1.000000000000000e-01 3.045687237216512e-01 -1.754901398606418e-01

0.000000000000000e+00 1.500000000000000e-01 1.296720443517677e-01 -2.114293291314434e-01

5.000000000000000e-02 1.500000000000000e-01 1.476809030405282e-01 -4.411861791441722e-01

1.000000000000000e-01 1.500000000000000e-01 2.926812462261281e-01 -2.881226386216318e-01

0.000000000000000e+00 2.000000000000000e-01 1.102124372882092e-01 -3.181349652621797e-01

5.000000000000000e-02 2.000000000000000e-01 1.148815350459982e-01 -5.671323872608875e-01

1.000000000000000e-01 2.000000000000000e-01 2.414806877685625e-01 -3.965858994171646e-01

1.000000000000000e-01 1.000000000000000e-01 2.700116826543546e-01 -2.848934802713763e-01

1.500000000000000e-01 1.000000000000000e-01 3.899021871366226e-01 -2.741995997501266e-01

2.000000000000000e-01 1.000000000000000e-01 5.122139283452325e-01 -2.513974870717372e-01

1.000000000000000e-01 1.500000000000000e-01 2.518293953121622e-01 -4.551304167327240e-01

1.500000000000000e-01 1.500000000000000e-01 3.640201301506308e-01 -4.257933624767772e-01

2.000000000000000e-01 1.500000000000000e-01 4.813425345767401e-01 -3.943134334474067e-01

1.000000000000000e-01 2.000000000000000e-01 1.899284864935238e-01 -6.098604379134898e-01

1.500000000000000e-01 2.000000000000000e-01 2.828603327086370e-01 -5.421461328969690e-01

2.000000000000000e-01 2.000000000000000e-01 3.787826523108800e-01 -5.102502145758649e-01

2.000000000000000e-01 1.000000000000000e-01 5.095525273339621e-01 -2.571500596030590e-01

2.500000000000000e-01 1.000000000000000e-01 6.182742872848592e-01 -2.358859639913855e-01

3.000000000000000e-01 1.000000000000000e-01 7.157380318053977e-01 -2.169450182066866e-01

2.000000000000000e-01 1.500000000000000e-01 4.765771898785713e-01 -3.989837502818984e-01

2.500000000000000e-01 1.500000000000000e-01 5.794178586901217e-01 -3.648598536770171e-01

3.000000000000000e-01 1.500000000000000e-01 6.689740683021733e-01 -3.327782069372580e-01

2.000000000000000e-01 2.000000000000000e-01 3.753368635313466e-01 -5.046860351065027e-01

2.500000000000000e-01 2.000000000000000e-01 4.626310743187713e-01 -4.570196190691144e-01

3.000000000000000e-01 2.000000000000000e-01 5.429248656867063e-01 -4.099626876070681e-01

3.000000000000000e-01 1.000000000000000e-01 7.158988107307973e-01 -2.116628619523523e-01

3.500000000000000e-01 1.000000000000000e-01 7.986898711055701e-01 -1.867827183507069e-01

4.000000000000000e-01 1.000000000000000e-01 8.665164338430486e-01 -1.470835164217471e-01

3.000000000000000e-01 1.500000000000000e-01 6.709664801231565e-01 -3.262363483027905e-01

3.500000000000000e-01 1.500000000000000e-01 7.477133680975265e-01 -2.861600446377142e-01

4.000000000000000e-01 1.500000000000000e-01 8.137082718848764e-01 -2.260690342103057e-01

3.000000000000000e-01 2.000000000000000e-01 5.446839741739112e-01 -4.037386067900420e-01

3.500000000000000e-01 2.000000000000000e-01 6.161733970358680e-01 -3.493315230733842e-01

4.000000000000000e-01 2.000000000000000e-01 6.833405783821949e-01 -2.725729693138993e-01

4.000000000000000e-01 1.000000000000000e-01 8.650193838958170e-01 -1.539040221523607e-01

4.500000000000000e-01 1.000000000000000e-01 9.135771867196684e-01 -1.169612610821823e-01

5.000000000000000e-01 1.000000000000000e-01 9.403081316489434e-01 -8.878709811460926e-02

4.000000000000000e-01 1.500000000000000e-01 8.104042890045877e-01 -2.353248815575480e-01

4.500000000000000e-01 1.500000000000000e-01 8.546509796135144e-01 -1.773952672570176e-01

5.000000000000000e-01 1.500000000000000e-01 8.739779855275255e-01 -1.293472392267486e-01

4.000000000000000e-01 2.000000000000000e-01 6.792721681048366e-01 -2.843406942111026e-01

4.500000000000000e-01 2.000000000000000e-01 7.302004856167421e-01 -2.088769310202269e-01

5.000000000000000e-01 2.000000000000000e-01 7.600899412070570e-01 -1.472680087439323e-01

5.000000000000000e-01 1.000000000000000e-01 9.416149651966026e-01 -8.171145248859173e-02

5.500000000000000e-01 1.000000000000000e-01 9.537737027752381e-01 -4.136321645561703e-02

6.000000000000001e-01 1.000000000000000e-01 9.590671904713673e-01 1.482581741538451e-02

5.000000000000000e-01 1.500000000000000e-01 8.762231550948468e-01 -1.194306192683672e-01

5.500000000000000e-01 1.500000000000000e-01 8.775665871133692e-01 -5.407276677780105e-02

6.000000000000001e-01 1.500000000000000e-01 8.609120159779882e-01 3.568584033165259e-02

5.000000000000000e-01 2.000000000000000e-01 7.634605034714977e-01 -1.332935320460144e-01

5.500000000000000e-01 2.000000000000000e-01 7.813382684836578e-01 -5.273109693306608e-02

6.000000000000001e-01 2.000000000000000e-01 7.904454077165379e-01 5.819143452697717e-02

6.000000000000001e-01 1.000000000000000e-01 9.568434562062116e-01 6.818379120540647e-03

6.500000000000001e-01 1.000000000000000e-01 9.312737258317384e-01 5.374608714150629e-02

7.000000000000001e-01 1.000000000000000e-01 8.625728711511698e-01 8.874404133730682e-02

6.000000000000001e-01 1.500000000000000e-01 8.586759114452432e-01 2.307874158510851e-02

6.500000000000001e-01 1.500000000000000e-01 8.145468128266607e-01 9.861734372649769e-02

7.000000000000001e-01 1.500000000000000e-01 7.408426907293634e-01 1.496285593821487e-01

6.000000000000001e-01 2.000000000000000e-01 7.858247414706726e-01 4.114859396922977e-02

6.500000000000001e-01 2.000000000000000e-01 7.651313700978363e-01 1.356232659386848e-01

7.000000000000001e-01 2.000000000000000e-01 7.056030796852669e-01 2.026622985298516e-01

7.000000000000001e-01 1.000000000000000e-01 8.641538256005236e-01 9.731530276921083e-02

7.500000000000000e-01 1.000000000000000e-01 7.546184753766663e-01 1.534341214426103e-01

8.000000000000000e-01 1.000000000000000e-01 6.114497650170049e-01 2.317282646329734e-01

7.000000000000001e-01 1.500000000000000e-01 7.445378805602099e-01 1.645555822454452e-01

7.500000000000000e-01 1.500000000000000e-01 6.579570590105748e-01 2.361173231351138e-01

8.000000000000000e-01 1.500000000000000e-01 5.605193111930566e-01 3.382012837320189e-01

7.000000000000001e-01 2.000000000000000e-01 7.103141360096611e-01 2.216509377407218e-01

7.500000000000000e-01 2.000000000000000e-01 6.265105763705154e-01 3.165690837619058e-01

8.000000000000000e-01 2.000000000000000e-01 5.242199504319515e-01 4.479384794900941e-01

8.000000000000000e-01 1.000000000000000e-01 6.138615461590043e-01 2.156309310585661e-01

8.500000000000001e-01 1.000000000000000e-01 4.552808758805597e-01 2.566043147908915e-01

9.000000000000000e-01 1.000000000000000e-01 2.859480443741590e-01 2.515877138151228e-01

8.000000000000000e-01 1.500000000000000e-01 5.568287250888340e-01 3.143311491663474e-01

8.500000000000001e-01 1.500000000000000e-01 4.281327645429745e-01 3.709616829659180e-01

9.000000000000000e-01 1.500000000000000e-01 2.692314480586093e-01 3.620997330912789e-01

8.000000000000000e-01 2.000000000000000e-01 5.218929135088564e-01 4.159795154454257e-01

8.500000000000001e-01 2.000000000000000e-01 3.960751866822492e-01 4.892139139721223e-01

9.000000000000000e-01 2.000000000000000e-01 2.477170038678567e-01 4.794114011465263e-01

9.000000000000000e-01 1.000000000000000e-01 2.963981592204544e-01 2.821909003288250e-01

9.500000000000000e-01 1.000000000000000e-01 1.609110023676339e-01 3.034725010993092e-01

1.000000000000000e+00 1.000000000000000e-01 4.955745577926908e-02 3.587312733742813e-01

9.000000000000000e-01 1.500000000000000e-01 2.872518189002384e-01 4.070177967637059e-01

9.500000000000000e-01 1.500000000000000e-01 1.595655166365645e-01 4.356347566536265e-01

1.000000000000000e+00 1.500000000000000e-01 5.291775023157005e-02 5.243676482974997e-01

9.000000000000000e-01 2.000000000000000e-01 2.648679945183901e-01 5.392423733043150e-01

9.500000000000000e-01 2.000000000000000e-01 1.469315286382599e-01 5.699932061096178e-01

1.000000000000000e+00 2.000000000000000e-01 4.996467892592275e-02 6.828506678018482e-01

0.000000000000000e+00 2.000000000000000e-01 1.171189122804919e-01 -3.188006279372799e-01

5.000000000000000e-02 2.000000000000000e-01 1.293169649914406e-01 -5.831893558118137e-01

1.000000000000000e-01 2.000000000000000e-01 2.640770156587318e-01 -4.031579588086870e-01

0.000000000000000e+00 2.500000000000000e-01 9.500852541138108e-02 -4.499308392479363e-01

5.000000000000000e-02 2.500000000000000e-01 9.822803540116787e-02 -7.056323292052487e-01

1.000000000000000e-01 2.500000000000000e-01 2.084316527503673e-01 -5.310531473308849e-01

0.000000000000000e+00 3.000000000000000e-01 7.234032316401511e-02 -5.990814402932634e-01

5.000000000000000e-02 3.000000000000000e-01 7.093524944093946e-02 -8.251515418328252e-01

1.000000000000000e-01 3.000000000000000e-01 1.540233026118067e-01 -6.740657567572096e-01

1.000000000000000e-01 2.000000000000000e-01 2.166818073601727e-01 -6.148603247957303e-01

1.500000000000000e-01 2.000000000000000e-01 3.179378665565203e-01 -5.565528163740074e-01

2.000000000000000e-01 2.000000000000000e-01 4.228203263493163e-01 -5.221502525527382e-01

1.000000000000000e-01 2.500000000000000e-01 1.582304793185018e-01 -7.589918508909173e-01

1.500000000000000e-01 2.500000000000000e-01 2.420593438876885e-01 -6.629215195292448e-01

2.000000000000000e-01 2.500000000000000e-01 3.233320433444809e-01 -6.303769304486796e-01

1.000000000000000e-01 3.000000000000000e-01 1.070738675027720e-01 -8.835226412443214e-01

1.500000000000000e-01 3.000000000000000e-01 1.767302312792550e-01 -7.607361729890101e-01

2.000000000000000e-01 3.000000000000000e-01 2.364530913123309e-01 -7.267713882574788e-01

2.000000000000000e-01 2.000000000000000e-01 4.175010020122745e-01 -5.198347324754085e-01

2.500000000000000e-01 2.000000000000000e-01 5.099596926535294e-01 -4.721627803157036e-01

3.000000000000000e-01 2.000000000000000e-01 5.894130526468145e-01 -4.254147993198952e-01

2.000000000000000e-01 2.500000000000000e-01 3.209772789101415e-01 -6.118936252322575e-01

2.500000000000000e-01 2.500000000000000e-01 3.966610177834156e-01 -5.521431586329748e-01

3.000000000000000e-01 2.500000000000000e-01 4.645097022091007e-01 -4.879025951885196e-01

2.000000000000000e-01 3.000000000000000e-01 2.386259201523275e-01 -6.906615402094942e-01

2.500000000000000e-01 3.000000000000000e-01 2.996656092007722e-01 -6.226086566183986e-01

3.000000000000000e-01 3.000000000000000e-01 3.562411084802976e-01 -5.383865414698296e-01

3.000000000000000e-01 2.000000000000000e-01 5.925360583783519e-01 -4.187440789904535e-01

3.500000000000000e-01 2.000000000000000e-01 6.617062667889473e-01 -3.628710516587132e-01

4.000000000000000e-01 2.000000000000000e-01 7.251790618543790e-01 -2.846336379680393e-01

3.000000000000000e-01 2.500000000000000e-01 4.668675304429691e-01 -4.831306374464138e-01

3.500000000000000e-01 2.500000000000000e-01 5.282752930958714e-01 -4.108825585693295e-01

4.000000000000000e-01 2.500000000000000e-01 5.878213783287878e-01 -3.173566710194373e-01

3.000000000000000e-01 3.000000000000000e-01 3.582982151686204e-01 -5.379196368784264e-01

3.500000000000000e-01 3.000000000000000e-01 4.114102103769535e-01 -4.477656715860445e-01

4.000000000000000e-01 3.000000000000000e-01 4.655584034934170e-01 -3.406397279854251e-01

4.000000000000000e-01 2.000000000000000e-01 7.201439966352727e-01 -2.956751533988196e-01

4.500000000000000e-01 2.000000000000000e-01 7.624958799869621e-01 -2.182549277000976e-01

5.000000000000000e-01 2.000000000000000e-01 7.792533549889044e-01 -1.520555699500786e-01

4.000000000000000e-01 2.500000000000000e-01 5.831162775093394e-01 -3.290779562490770e-01

4.500000000000000e-01 2.500000000000000e-01 6.282976441732387e-01 -2.345924106075629e-01

5.000000000000000e-01 2.500000000000000e-01 6.545197653554140e-01 -1.538963731530144e-01

4.000000000000000e-01 3.000000000000000e-01 4.601980528155585e-01 -3.505390918667634e-01

4.500000000000000e-01 3.000000000000000e-01 5.038212051774388e-01 -2.402420540416751e-01

5.000000000000000e-01 3.000000000000000e-01 5.303215493238156e-01 -1.419742577785637e-01

5.000000000000000e-01 2.000000000000000e-01 7.831019376145384e-01 -1.392843012205622e-01

5.500000000000000e-01 2.000000000000000e-01 7.850901962111643e-01 -5.406137453930573e-02

6.000000000000001e-01 2.000000000000000e-01 7.717947722262445e-01 6.121676412304128e-02

5.000000000000000e-01 2.500000000000000e-01 6.585476948372802e-01 -1.381527739733082e-01

5.500000000000000e-01 2.500000000000000e-01 6.749552299823308e-01 -4.082761908390033e-02

6.000000000000001e-01 2.500000000000000e-01 6.818448295988850e-01 9.112209854101465e-02

5.000000000000000e-01 3.000000000000000e-01 5.360937983094427e-01 -1.261829401303473e-01

5.500000000000000e-01 3.000000000000000e-01 5.553753806884953e-01 -1.704567783300754e-02

6.000000000000001e-01 3.000000000000000e-01 5.705359373369447e-01 1.281103941507128e-01

6.000000000000001e-01 2.000000000000000e-01 7.682376047539904e-01 4.413695636271885e-02

6.500000000000001e-01 2.000000000000000e-01 7.311932134748454e-01 1.410119403491091e-01

7.000000000000001e-01 2.000000000000000e-01 6.713517637189672e-01 2.046192987642109e-01

6.000000000000001e-01 2.500000000000000e-01 6.770029969640260e-01 6.939128049575261e-02

6.500000000000001e-01 2.500000000000000e-01 6.559602471212718e-01 1.836190374092977e-01

7.000000000000001e-01 2.500000000000000e-01 6.043653925325255e-01 2.602204146777240e-01

6.000000000000001e-01 3.000000000000000e-01 5.632610432186776e-01 1.026160813795343e-01

6.500000000000001e-01 3.000000000000000e-01 5.552644629474403e-01 2.304612636433908e-01

7.000000000000001e-01 3.000000000000000e-01 5.202459179322135e-01 3.144198375810340e-01

7.000000000000001e-01 2.000000000000000e-01 6.754521649398372e-01 2.256159210196454e-01

7.500000000000000e-01 2.000000000000000e-01 6.074386114083806e-01 3.143333289021585e-01

8.000000000000000e-01 2.000000000000000e-01 5.243582166068121e-01 4.445340529184211e-01

7.000000000000001e-01 2.500000000000000e-01 6.101587284588349e-01 2.869192057689449e-01

7.500000000000000e-01 2.500000000000000e-01 5.487402342481266e-01 3.900059897747921e-01

8.000000000000000e-01 2.500000000000000e-01 4.784747041948181e-01 5.414828018565904e-01

7.000000000000001e-01 3.000000000000000e-01 5.279114197835443e-01 3.477575330331193e-01

7.500000000000000e-01 3.000000000000000e-01 4.852732019684958e-01 4.585101260798107e-01

8.000000000000000e-01 3.000000000000000e-01 4.328934510741244e-01 6.287855172044123e-01

8.000000000000000e-01 2.000000000000000e-01 5.200447071958351e-01 4.109579519007924e-01

8.500000000000001e-01 2.000000000000000e-01 4.013526883414217e-01 4.845753512690097e-01

9.000000000000000e-01 2.000000000000000e-01 2.519094288308411e-01 4.713746837831521e-01

8.000000000000000e-01 2.500000000000000e-01 4.719913433470215e-01 4.991032502653150e-01

8.500000000000001e-01 2.500000000000000e-01 3.670576601841381e-01 5.875364591949769e-01

9.000000000000000e-01 2.500000000000000e-01 2.288316292780627e-01 5.721519967792962e-01

8.000000000000000e-01 3.000000000000000e-01 4.241895999348077e-01 5.742989181948801e-01

8.500000000000001e-01 3.000000000000000e-01 3.347079589755962e-01 6.763728938588980e-01

9.000000000000000e-01 3.000000000000000e-01 2.080476871004394e-01 6.547928025155807e-01

9.000000000000000e-01 2.000000000000000e-01 2.711060461966692e-01 5.350809914990455e-01

9.500000000000000e-01 2.000000000000000e-01 1.507514650594099e-01 5.667253562907409e-01

1.000000000000000e+00 2.000000000000000e-01 5.190731016569715e-02 6.861038437758947e-01

9.000000000000000e-01 2.500000000000000e-01 2.516569793949184e-01 6.519172108575044e-01

9.500000000000000e-01 2.500000000000000e-01 1.403534829285958e-01 6.865609589369167e-01

1.000000000000000e+00 2.500000000000000e-01 5.161372219130820e-02 8.345388346841385e-01

9.000000000000000e-01 3.000000000000000e-01 2.345385497486953e-01 7.562815178482157e-01

9.500000000000000e-01 3.000000000000000e-01 1.310437212897533e-01 7.899562199606062e-01

1.000000000000000e+00 3.000000000000000e-01 5.358245136267935e-02 9.685819182073592e-01

0.000000000000000e+00 3.000000000000000e-01 6.955836126562645e-02 -5.912302235416331e-01

5.000000000000000e-02 3.000000000000000e-01 6.582981216211718e-02 -8.078484187845613e-01

1.000000000000000e-01 3.000000000000000e-01 1.443824473976535e-01 -6.639447443155591e-01

0.000000000000000e+00 3.500000000000000e-01 4.296189510924686e-02 -7.432408698430996e-01

5.000000000000000e-02 3.500000000000000e-01 3.406047763775021e-02 -9.014858757437956e-01

1.000000000000000e-01 3.500000000000000e-01 7.769436190671195e-02 -7.928389213198800e-01

0.000000000000000e+00 4.000000000000000e-01 1.302798673870405e-02 -8.949499281026498e-01

5.000000000000000e-02 4.000000000000000e-01 -3.178839176720261e-03 -9.719649014247048e-01

1.000000000000000e-01 4.000000000000000e-01 1.702498357650945e-03 -8.996426368667089e-01

1.000000000000000e-01 3.000000000000000e-01 9.899160087546154e-02 -8.633492674791063e-01

1.500000000000000e-01 3.000000000000000e-01 1.649392628679448e-01 -7.455318119091271e-01

2.000000000000000e-01 3.000000000000000e-01 2.213159503360034e-01 -7.102887980606123e-01

1.000000000000000e-01 3.500000000000000e-01 4.774573586720224e-02 -9.327844136193230e-01

1.500000000000000e-01 3.500000000000000e-01 9.134339532985092e-02 -8.149932731395573e-01

2.000000000000000e-01 3.500000000000000e-01 1.279723588729570e-01 -7.643052096146173e-01

1.000000000000000e-01 4.000000000000000e-01 -6.770214387246098e-03 -9.535967353209078e-01

1.500000000000000e-01 4.000000000000000e-01 5.877850909871080e-03 -8.603093801763125e-01

2.000000000000000e-01 4.000000000000000e-01 2.258589454645236e-02 -7.808832561330739e-01

2.000000000000000e-01 3.000000000000000e-01 2.246497824628837e-01 -6.772345184880150e-01

2.500000000000000e-01 3.000000000000000e-01 2.836422655800234e-01 -6.110425353050781e-01

3.000000000000000e-01 3.000000000000000e-01 3.411700003503450e-01 -5.282947440029788e-01

2.000000000000000e-01 3.500000000000000e-01 1.335511076649573e-01 -7.302396476184496e-01

2.500000000000000e-01 3.500000000000000e-01 1.766434034721213e-01 -6.547118706513617e-01

3.000000000000000e-01 3.500000000000000e-01 2.246645865212847e-01 -5.536496557851471e-01

2.000000000000000e-01 4.000000000000000e-01 2.747708665341787e-02 -7.662210211204135e-01

2.500000000000000e-01 4.000000000000000e-01 5.435421171578765e-02 -6.736213916318486e-01

3.000000000000000e-01 4.000000000000000e-01 9.300043124343249e-02 -5.586912907613311e-01

3.000000000000000e-01 3.000000000000000e-01 3.423770823178753e-01 -5.282032248599144e-01

3.500000000000000e-01 3.000000000000000e-01 3.972340670471519e-01 -4.402355464225416e-01

4.000000000000000e-01 3.000000000000000e-01 4.531102983364357e-01 -3.351852325394492e-01

3.000000000000000e-01 3.500000000000000e-01 2.242312928441026e-01 -5.588922877736768e-01

3.500000000000000e-01 3.500000000000000e-01 2.724804184647944e-01 -4.547309901111049e-01

4.000000000000000e-01 3.500000000000000e-01 3.233918067248803e-01 -3.398273691789384e-01

3.000000000000000e-01 4.000000000000000e-01 9.072221829639196e-02 -5.664364218103175e-01

3.500000000000000e-01 4.000000000000000e-01 1.339101632078733e-01 -4.481991844574441e-01

4.000000000000000e-01 4.000000000000000e-01 1.811537433031329e-01 -3.258024280291362e-01

4.000000000000000e-01 3.000000000000000e-01 4.488206363736828e-01 -3.450719022301434e-01

4.500000000000000e-01 3.000000000000000e-01 4.959850529464586e-01 -2.370568433676979e-01

5.000000000000000e-01 3.000000000000000e-01 5.287772984162915e-01 -1.409480354184047e-01

4.000000000000000e-01 3.500000000000000e-01 3.196340502045260e-01 -3.465025106022622e-01

4.500000000000000e-01 3.500000000000000e-01 3.654794201336393e-01 -2.274039338914236e-01

5.000000000000000e-01 3.500000000000000e-01 4.006017624558235e-01 -1.153235946291615e-01

4.000000000000000e-01 4.000000000000000e-01 1.787278919643399e-01 -3.291656685106241e-01

4.500000000000000e-01 4.000000000000000e-01 2.251397609406633e-01 -2.029727302519762e-01

5.000000000000000e-01 4.000000000000000e-01 2.666402156469619e-01 -7.854379162472953e-02

5.000000000000000e-01 3.000000000000000e-01 5.331939323695354e-01 -1.254465613183463e-01

5.500000000000000e-01 3.000000000000000e-01 5.579127948188700e-01 -1.775018735033324e-02

6.000000000000001e-01 3.000000000000000e-01 5.762451378682149e-01 1.259184935552180e-01

5.000000000000000e-01 3.500000000000000e-01 4.048709604107240e-01 -1.031120882768200e-01

5.500000000000000e-01 3.500000000000000e-01 4.326143792816065e-01 1.443500671206676e-02

6.000000000000001e-01 3.500000000000000e-01 4.591625739718093e-01 1.638357332729199e-01

5.000000000000000e-01 4.000000000000000e-01 2.684373051624479e-01 -7.231860149824022e-02

5.500000000000000e-01 4.000000000000000e-01 3.025455902453706e-01 5.377346990446110e-02

6.000000000000001e-01 4.000000000000000e-01 3.343458284174619e-01 2.022826654425347e-01

6.000000000000001e-01 3.000000000000000e-01 5.695913453896958e-01 1.014287589603158e-01

6.500000000000001e-01 3.000000000000000e-01 5.602624043993140e-01 2.300740925391363e-01

7.000000000000001e-01 3.000000000000000e-01 5.198947998379871e-01 3.174673272454146e-01

6.000000000000001e-01 3.500000000000000e-01 4.509808910591023e-01 1.389960479067628e-01

6.500000000000001e-01 3.500000000000000e-01 4.558952635709283e-01 2.768036928831767e-01

7.000000000000001e-01 3.500000000000000e-01 4.318031814752660e-01 3.730666255460365e-01

6.000000000000001e-01 4.000000000000000e-01 3.266549910805446e-01 1.823731328727075e-01

6.500000000000001e-01 4.000000000000000e-01 3.405009191833860e-01 3.261099584983786e-01

7.000000000000001e-01 4.000000000000000e-01 3.276734430887200e-01 4.353431944896713e-01

7.000000000000001e-01 3.000000000000000e-01 5.280326185204768e-01 3.489123372790590e-01

7.500000000000000e-01 3.000000000000000e-01 4.805738254375340e-01 4.608643592837479e-01

8.000000000000000e-01 3.000000000000000e-01 4.272030646747703e-01 6.287536292111582e-01

7.000000000000001e-01 3.500000000000000e-01 4.411881211436101e-01 4.068710315028237e-01

7.500000000000000e-01 3.500000000000000e-01 4.092766159082322e-01 5.234373495850634e-01

8.000000000000000e-01 3.500000000000000e-01 3.723676446139416e-01 6.987225931383997e-01

7.000000000000001e-01 4.000000000000000e-01 3.377479519332779e-01 4.651653150145921e-01

7.500000000000000e-01 4.000000000000000e-01 3.165992643230301e-01 5.846874991759685e-01

8.000000000000000e-01 4.000000000000000e-01 2.943428300730372e-01 7.551353681509283e-01

8.000000000000000e-01 3.000000000000000e-01 4.175570354555532e-01 5.771689823718440e-01

8.500000000000001e-01 3.000000000000000e-01 3.280885514967556e-01 6.779002143833237e-01

9.000000000000000e-01 3.000000000000000e-01 2.027496429736251e-01 6.604357243743185e-01

8.000000000000000e-01 3.500000000000000e-01 3.606493551354774e-01 6.418385823326079e-01

8.500000000000001e-01 3.500000000000000e-01 2.873030400080645e-01 7.536398141044827e-01

9.000000000000000e-01 3.500000000000000e-01 1.763675639574253e-01 7.404215083449992e-01

8.000000000000000e-01 4.000000000000000e-01 2.801323910861134e-01 7.006225041323084e-01

8.500000000000001e-01 4.000000000000000e-01 2.267458971095921e-01 8.165289390963064e-01

9.000000000000000e-01 4.000000000000000e-01 1.378402627745504e-01 8.190129861021911e-01

9.000000000000000e-01 3.000000000000000e-01 2.295881398646394e-01 7.558962058699225e-01

9.500000000000000e-01 3.000000000000000e-01 1.280404716141814e-01 7.918624160864892e-01

1.000000000000000e+00 3.000000000000000e-01 5.153411269354666e-02 9.623284610124715e-01

9.000000000000000e-01 3.500000000000000e-01 2.060373098411263e-01 8.430270164360536e-01

9.500000000000000e-01 3.500000000000000e-01 1.146751059609362e-01 8.778661692451571e-01

1.000000000000000e+00 3.500000000000000e-01 5.072912342044040e-02 1.052479669870741e+00

9.000000000000000e-01 4.000000000000000e-01 1.681834341185701e-01 9.097969705523081e-01

9.500000000000000e-01 4.000000000000000e-01 9.269624595504686e-02 9.492333348203553e-01

1.000000000000000e+00 4.000000000000000e-01 4.310928368788240e-02 1.091294022641720e+00

0.000000000000000e+00 4.000000000000000e-01 1.830173575019353e-02 -8.666513462052620e-01

5.000000000000000e-02 4.000000000000000e-01 4.420950270103207e-03 -9.610642331540225e-01

1.000000000000000e-01 4.000000000000000e-01 1.540708222128890e-02 -8.801206827332440e-01

0.000000000000000e+00 4.500000000000000e-01 -5.170249811442172e-03 -9.754055386092330e-01

5.000000000000000e-02 4.500000000000000e-01 -2.715674257820065e-02 -9.993099496557816e-01

1.000000000000000e-01 4.500000000000000e-01 -4.801699428483177e-02 -9.429397178337615e-01

0.000000000000000e+00 5.000000000000000e-01 -2.373632091711176e-02 -1.027651153147730e+00

5.000000000000000e-02 5.000000000000000e-01 -5.533181077591903e-02 -1.006057955904366e+00

1.000000000000000e-01 5.000000000000000e-01 -1.045590558212506e-01 -9.683218479065379e-01

1.000000000000000e-01 4.000000000000000e-01 4.688939421783755e-03 -9.555733653618853e-01

1.500000000000000e-01 4.000000000000000e-01 2.116363478041729e-02 -8.571003189740748e-01

2.000000000000000e-01 4.000000000000000e-01 4.006292771441162e-02 -7.844995710570407e-01

1.000000000000000e-01 4.500000000000000e-01 -4.042769103906711e-02 -9.501666504358883e-01

1.500000000000000e-01 4.500000000000000e-01 -5.393200510782161e-02 -8.786721356885854e-01

2.000000000000000e-01 4.500000000000000e-01 -5.203586149496907e-02 -7.800771781290521e-01

1.000000000000000e-01 5.000000000000000e-01 -8.367352825821588e-02 -9.298874010180458e-01

1.500000000000000e-01 5.000000000000000e-01 -1.239499356181928e-01 -8.769925196042312e-01

2.000000000000000e-01 5.000000000000000e-01 -1.387318179860386e-01 -7.571309630190416e-01

2.000000000000000e-01 4.000000000000000e-01 4.323615998436507e-02 -7.664954900973406e-01

2.500000000000000e-01 4.000000000000000e-01 7.066250316458478e-02 -6.755057508122573e-01

3.000000000000000e-01 4.000000000000000e-01 1.072061472551122e-01 -5.629233070504267e-01

2.000000000000000e-01 4.500000000000000e-01 -5.425961858782356e-02 -7.879724643222870e-01

2.500000000000000e-01 4.500000000000000e-01 -4.031682389370061e-02 -6.751557975465067e-01

3.000000000000000e-01 4.500000000000000e-01 -1.632095494128131e-02 -5.560213863891874e-01

2.000000000000000e-01 5.000000000000000e-01 -1.457964682920568e-01 -7.886101369662534e-01

2.500000000000000e-01 5.000000000000000e-01 -1.454777420141309e-01 -6.567443317184172e-01

3.000000000000000e-01 5.000000000000000e-01 -1.345833845421991e-01 -5.352638170965142e-01

3.000000000000000e-01 4.000000000000000e-01 1.055637769120203e-01 -5.689091172855811e-01

3.500000000000000e-01 4.000000000000000e-01 1.461081717853258e-01 -4.519967468466330e-01

4.000000000000000e-01 4.000000000000000e-01 1.906945445587740e-01 -3.289233203276792e-01

3.000000000000000e-01 4.500000000000000e-01 -1.695080325391854e-02 -5.574646224207047e-01

3.500000000000000e-01 4.500000000000000e-01 1.523954400283362e-02 -4.325838973994138e-01

4.000000000000000e-01 4.500000000000000e-01 5.438818046934880e-02 -3.024720423843523e-01

3.000000000000000e-01 5.000000000000000e-01 -1.335555487206883e-01 -5.286523467158645e-01

3.500000000000000e-01 5.000000000000000e-01 -1.109439216668042e-01 -4.014025139925512e-01

4.000000000000000e-01 5.000000000000000e-01 -7.769118368558373e-02 -2.652049345804934e-01

4.000000000000000e-01 4.000000000000000e-01 1.882188610132176e-01 -3.329315447001546e-01

4.500000000000000e-01 4.000000000000000e-01 2.319499642100420e-01 -2.058841283568996e-01

5.000000000000000e-01 4.000000000000000e-01 2.708116679032885e-01 -8.133193956490432e-02

4.000000000000000e-01 4.500000000000000e-01 5.229356436660040e-02 -3.056532617536363e-01

4.500000000000000e-01 4.500000000000000e-01 9.414096864534102e-02 -1.730017062762051e-01

5.000000000000000e-01 4.500000000000000e-01 1.356135172340308e-01 -4.045105801918669e-02

4.000000000000000e-01 5.000000000000000e-01 -8.015295335010850e-02 -2.703283690518148e-01

4.500000000000000e-01 5.000000000000000e-01 -4.133605311268743e-02 -1.338650255680166e-01

5.000000000000000e-01 5.000000000000000e-01 1.394677255065989e-04 1.312013097225358e-03

5.000000000000000e-01 4.000000000000000e-01 2.729950275315011e-01 -7.418189399839707e-02

5.500000000000000e-01 4.000000000000000e-01 3.056285031223016e-01 5.170625843039893e-02

6.000000000000001e-01 4.000000000000000e-01 3.383963118140184e-01 2.008445850102274e-01

5.000000000000000e-01 4.500000000000000e-01 1.353741239690540e-01 -3.848889117841735e-02

5.500000000000000e-01 4.500000000000000e-01 1.730087172742552e-01 9.385057199204254e-02

6.000000000000001e-01 4.500000000000000e-01 2.088050440313615e-01 2.383274096174046e-01

5.000000000000000e-01 5.000000000000000e-01 -1.198008420030705e-03 9.527378244886961e-04

5.500000000000000e-01 5.000000000000000e-01 4.051790341870403e-02 1.355427401851654e-01

6.000000000000001e-01 5.000000000000000e-01 8.247607844397964e-02 2.730349993589642e-01

6.000000000000001e-01 4.000000000000000e-01 3.305128441189654e-01 1.798879535830107e-01

6.500000000000001e-01 4.000000000000000e-01 3.471926179561068e-01 3.224441508839938e-01

7.000000000000001e-01 4.000000000000000e-01 3.379720980463805e-01 4.295032695923189e-01

6.000000000000001e-01 4.500000000000000e-01 2.032408979283570e-01 2.243405233744352e-01

6.500000000000001e-01 4.500000000000000e-01 2.277292482924120e-01 3.669460966556836e-01

7.000000000000001e-01 4.500000000000000e-01 2.325159921449587e-01 4.837503659939029e-01

6.000000000000001e-01 5.000000000000000e-01 7.861039578969996e-02 2.658356589480339e-01

6.500000000000001e-01 5.000000000000000e-01 1.153927525385680e-01 4.011648753133842e-01

7.000000000000001e-01 5.000000000000000e-01 1.390758012074665e-01 5.225661550534901e-01

7.000000000000001e-01 4.000000000000000e-01 3.472783633185072e-01 4.599853630373528e-01

7.500000000000000e-01 4.000000000000000e-01 3.283118761119123e-01 5.797902313432498e-01

8.000000000000000e-01 4.000000000000000e-01 3.047537878947466e-01 7.519399177182216e-01

7.000000000000001e-01 4.500000000000000e-01 2.397692236582574e-01 5.069324632750359e-01

7.500000000000000e-01 4.500000000000000e-01 2.343658924429614e-01 6.265840989316539e-01

8.000000000000000e-01 4.500000000000000e-01 2.254421364698189e-01 7.864523639651695e-01

7.000000000000001e-01 5.000000000000000e-01 1.423971694143590e-01 5.340486817210641e-01

7.500000000000000e-01 5.000000000000000e-01 1.539094082633562e-01 6.537727875768585e-01

8.000000000000000e-01 5.000000000000000e-01 1.561730288967355e-01 7.948505799086598e-01

8.000000000000000e-01 4.000000000000000e-01 2.920539813600023e-01 6.967221538504622e-01

8.500000000000001e-01 4.000000000000000e-01 2.357912806269723e-01 8.143219113058111e-01

9.000000000000000e-01 4.000000000000000e-01 1.440074742325795e-01 8.146636738138940e-01

8.000000000000000e-01 4.500000000000000e-01 2.128949481710106e-01 7.381476358847917e-01

8.500000000000001e-01 4.500000000000000e-01 1.774787501059708e-01 8.560294905430297e-01

9.000000000000000e-01 4.500000000000000e-01 1.092579515756023e-01 8.744864007739026e-01

8.000000000000000e-01 5.000000000000000e-01 1.482312844646094e-01 7.612434876839979e-01

8.500000000000001e-01 5.000000000000000e-01 1.288605740638680e-01 8.749278013679477e-01

9.000000000000000e-01 5.000000000000000e-01 8.221917547428371e-02 9.143497682785967e-01

9.000000000000000e-01 4.000000000000000e-01 1.739899977682776e-01 9.087537976004624e-01

9.500000000000000e-01 4.000000000000000e-01 9.624369826961379e-02 9.450337553518318e-01

1.000000000000000e+00 4.000000000000000e-01 4.527098250524438e-02 1.093814105376036e+00

9.000000000000000e-01 4.500000000000000e-01 1.363148381205502e-01 9.492259794514680e-01

9.500000000000000e-01 4.500000000000000e-01 7.496579027169437e-02 9.903252510895353e-01

1.000000000000000e+00 4.500000000000000e-01 3.562742424568344e-02 1.095604110810763e+00

9.000000000000000e-01 5.000000000000000e-01 1.030152700659361e-01 9.595889483231227e-01

9.500000000000000e-01 5.000000000000000e-01 5.714222882138856e-02 1.004278106666026e+00

1.000000000000000e+00 5.000000000000000e-01 2.625702601415722e-02 1.057960842403292e+00

0.000000000000000e+00 5.000000000000000e-01 -2.109510907535293e-02 -9.824756676249626e-01

5.000000000000000e-02 5.000000000000000e-01 -5.232568540024436e-02 -9.951311582449526e-01

1.000000000000000e-01 5.000000000000000e-01 -9.801046791497200e-02 -9.552842893440048e-01

0.000000000000000e+00 5.500000000000000e-01 -3.580088820473069e-02 -9.466515413053003e-01

5.000000000000000e-02 5.500000000000000e-01 -7.780534970689927e-02 -9.726857488703567e-01

1.000000000000000e-01 5.500000000000000e-01 -1.489283525540236e-01 -9.364587604966106e-01

0.000000000000000e+00 6.000000000000001e-01 -4.772136372524460e-02 -8.796082442518635e-01

5.000000000000000e-02 6.000000000000001e-01 -1.008838562185721e-01 -9.216494457811522e-01

1.000000000000000e-01 6.000000000000001e-01 -1.948691159976796e-01 -8.906120877756112e-01

1.000000000000000e-01 5.000000000000000e-01 -8.074217519707212e-02 -9.418322048593817e-01

1.500000000000000e-01 5.000000000000000e-01 -1.180886167416736e-01 -8.770008582599296e-01

2.000000000000000e-01 5.000000000000000e-01 -1.334346946772803e-01 -7.642228187543809e-01

1.000000000000000e-01 5.500000000000000e-01 -1.202865755554006e-01 -9.124060535891563e-01

1.500000000000000e-01 5.500000000000000e-01 -1.812516410556360e-01 -8.526019759957998e-01

2.000000000000000e-01 5.500000000000000e-01 -2.124394078026965e-01 -7.279842625625393e-01

1.000000000000000e-01 6.000000000000001e-01 -1.579740596469248e-01 -8.646485973435153e-01

1.500000000000000e-01 6.000000000000001e-01 -2.397662423411099e-01 -8.060280521387848e-01

2.000000000000000e-01 6.000000000000001e-01 -2.871674416680078e-01 -6.763512995667323e-01

2.000000000000000e-01 5.000000000000000e-01 -1.385776995956059e-01 -7.837289280386330e-01

2.500000000000000e-01 5.000000000000000e-01 -1.398870691169556e-01 -6.593321094210911e-01

3.000000000000000e-01 5.000000000000000e-01 -1.301035393598033e-01 -5.356618233752237e-01

2.000000000000000e-01 5.500000000000000e-01 -2.218514206610760e-01 -7.599676285549015e-01

2.500000000000000e-01 5.500000000000000e-01 -2.375224362543192e-01 -6.263868672667194e-01

3.000000000000000e-01 5.500000000000000e-01 -2.422657113212871e-01 -5.024134133569232e-01

2.000000000000000e-01 6.000000000000001e-01 -2.991235758151246e-01 -7.142979657501487e-01

2.500000000000000e-01 6.000000000000001e-01 -3.305248844354729e-01 -5.797585633378104e-01

3.000000000000000e-01 6.000000000000001e-01 -3.504351387302481e-01 -4.579890058610078e-01

3.000000000000000e-01 5.000000000000000e-01 -1.291903786061949e-01 -5.334578719990943e-01

3.500000000000000e-01 5.000000000000000e-01 -1.076389262874320e-01 -4.040866854483243e-01

4.000000000000000e-01 5.000000000000000e-01 -7.532519384417689e-02 -2.680811869755597e-01

3.000000000000000e-01 5.500000000000000e-01 -2.391371486063615e-01 -4.947113230490209e-01

3.500000000000000e-01 5.500000000000000e-01 -2.285904767199935e-01 -3.647002425558210e-01

4.000000000000000e-01 5.500000000000000e-01 -2.034723401149667e-01 -2.248599553087994e-01

3.000000000000000e-01 6.000000000000001e-01 -3.451041568870557e-01 -4.472648005769979e-01

3.500000000000000e-01 6.000000000000001e-01 -3.460288520762333e-01 -3.186732879439951e-01

4.000000000000000e-01 6.000000000000001e-01 -3.289848788285582e-01 -1.783941798422390e-01

4.000000000000000e-01 5.000000000000000e-01 -7.766018549933007e-02 -2.722923487690604e-01

4.500000000000000e-01 5.000000000000000e-01 -3.956207642986846e-02 -1.359176089108708e-01

5.000000000000000e-01 5.000000000000000e-01 1.132840982112860e-03 1.132119037471525e-04

4.000000000000000e-01 5.500000000000000e-01 -2.064469155116253e-01 -2.316148287425683e-01

4.500000000000000e-01 5.500000000000000e-01 -1.731741396146135e-01 -9.403982708582138e-02

5.000000000000000e-01 5.500000000000000e-01 -1.338465491463680e-01 4.135734393942419e-02

4.000000000000000e-01 6.000000000000001e-01 -3.328406068921326e-01 -1.876738359130537e-01

4.500000000000000e-01 6.000000000000001e-01 -3.059236807474841e-01 -5.201927059323976e-02

5.000000000000000e-01 6.000000000000001e-01 -2.717817705848874e-01 8.099579197696397e-02

5.000000000000000e-01 5.000000000000000e-01 -6.613654097515041e-04 -9.401379949330977e-04

5.500000000000000e-01 5.000000000000000e-01 3.844192276885147e-02 1.353929518566113e-01

6.000000000000001e-01 5.000000000000000e-01 7.468934422415613e-02 2.749922104360893e-01

5.000000000000000e-01 5.500000000000000e-01 -1.358908735771314e-01 3.960083369313638e-02

5.500000000000000e-01 5.500000000000000e-01 -9.371615882299365e-02 1.731721501146494e-01

6.000000000000001e-01 5.500000000000000e-01 -5.133855894254309e-02 3.059904794371398e-01

5.000000000000000e-01 6.000000000000001e-01 -2.745417590601699e-01 7.848488449014664e-02

5.500000000000000e-01 6.000000000000001e-01 -2.382692659690697e-01 2.095732344840086e-01

6.000000000000001e-01 6.000000000000001e-01 -2.014624515361394e-01 3.384515404715808e-01

6.000000000000001e-01 5.000000000000000e-01 7.221040837605129e-02 2.675006812506649e-01

6.500000000000001e-01 5.000000000000000e-01 1.032110591137151e-01 4.054009930991546e-01

7.000000000000001e-01 5.000000000000000e-01 1.236553411810788e-01 5.275183541276938e-01

6.000000000000001e-01 5.500000000000000e-01 -5.351798984016774e-02 3.028121764744330e-01

6.500000000000001e-01 5.500000000000000e-01 -1.441894769652137e-02 4.327391648239308e-01

7.000000000000001e-01 5.500000000000000e-01 1.747633157055620e-02 5.564743416671851e-01

6.000000000000001e-01 6.000000000000001e-01 -2.014604512869967e-01 3.361202929971224e-01

6.500000000000001e-01 6.000000000000001e-01 -1.637066578340178e-01 4.591598678673544e-01

7.000000000000001e-01 6.000000000000001e-01 -1.248242962582197e-01 5.778447737893202e-01

7.000000000000001e-01 5.000000000000000e-01 1.270083079455844e-01 5.399632157639722e-01

7.500000000000000e-01 5.000000000000000e-01 1.382040503463845e-01 6.579272368673506e-01

8.000000000000000e-01 5.000000000000000e-01 1.438050430158993e-01 7.979764472448633e-01

7.000000000000001e-01 5.500000000000000e-01 1.733718647424823e-02 5.572662208224759e-01

7.500000000000000e-01 5.500000000000000e-01 4.089793412631805e-02 6.749150731850100e-01

8.000000000000000e-01 5.500000000000000e-01 5.544858928980039e-02 7.913178740314364e-01

7.000000000000001e-01 6.000000000000001e-01 -1.275908987586367e-01 5.725141164500056e-01

7.500000000000000e-01 6.000000000000001e-01 -9.107635126561023e-02 6.819249847023255e-01

8.000000000000000e-01 6.000000000000001e-01 -6.118882991991881e-02 7.746485282593812e-01

8.000000000000000e-01 5.000000000000000e-01 1.341215167309703e-01 7.643722581373404e-01

8.500000000000001e-01 5.000000000000000e-01 1.191863561102652e-01 8.762183850641954e-01

9.000000000000000e-01 5.000000000000000e-01 7.605236427874615e-02 9.165284540014869e-01

8.000000000000000e-01 5.500000000000000e-01 5.245271388169111e-02 7.784960586633758e-01

8.500000000000001e-01 5.500000000000000e-01 5.378395281632559e-02 8.771596423669328e-01

9.000000000000000e-01 5.500000000000000e-01 3.876758427157333e-02 9.389148499936542e-01

8.000000000000000e-01 6.000000000000001e-01 -5.945810612249767e-02 7.810951370985970e-01

8.500000000000001e-01 6.000000000000001e-01 -3.539565312607594e-02 8.596169603662620e-01

9.000000000000000e-01 6.000000000000001e-01 -1.451838963400494e-02 9.349422937470933e-01

9.000000000000000e-01 5.000000000000000e-01 9.653347755431221e-02 9.594812640573823e-01

9.500000000000000e-01 5.000000000000000e-01 5.343964617745879e-02 1.008062770607848e+00

1.000000000000000e+00 5.000000000000000e-01 2.352109132442886e-02 1.057414371665565e+00

9.000000000000000e-01 5.500000000000000e-01 4.709135922582940e-02 9.479459742550962e-01

9.500000000000000e-01 5.500000000000000e-01 2.713660725234501e-02 9.990313017422771e-01

1.000000000000000e+00 5.500000000000000e-01 7.028162234637008e-03 1.011145357592487e+00

9.000000000000000e-01 6.000000000000001e-01 -2.334876720092292e-02 9.198343037883369e-01

9.500000000000000e-01 6.000000000000001e-01 -1.001374202046985e-02 9.723827376491632e-01

1.000000000000000e+00 6.000000000000001e-01 -1.786118971388385e-02 9.903835548976224e-01

0.000000000000000e+00 6.000000000000001e-01 -4.723303157543360e-02 -8.983048899663912e-01

5.000000000000000e-02 6.000000000000001e-01 -9.891052825483249e-02 -9.294316755795194e-01

1.000000000000000e-01 6.000000000000001e-01 -1.914820037206213e-01 -8.976922876030010e-01

0.000000000000000e+00 6.500000000000001e-01 -5.627568261271199e-02 -8.258689451602604e-01

5.000000000000000e-02 6.500000000000001e-01 -1.183579021732584e-01 -8.599111990777245e-01

1.000000000000000e-01 6.500000000000001e-01 -2.303390474128752e-01 -8.340851650134193e-01

0.000000000000000e+00 7.000000000000001e-01 -6.512672893602311e-02 -7.387182409089222e-01

5.000000000000000e-02 7.000000000000001e-01 -1.384567916523071e-01 -7.696436368759919e-01

1.000000000000000e-01 7.000000000000001e-01 -2.706245891334964e-01 -7.486595404016264e-01

1.000000000000000e-01 6.000000000000001e-01 -1.540071580379342e-01 -8.642043746495565e-01

1.500000000000000e-01 6.000000000000001e-01 -2.356151937015468e-01 -8.099413921141394e-01

2.000000000000000e-01 6.000000000000001e-01 -2.832016556740762e-01 -6.792834782715700e-01

1.000000000000000e-01 6.500000000000001e-01 -1.866354840424776e-01 -7.960281518754988e-01

1.500000000000000e-01 6.500000000000001e-01 -2.860187370578949e-01 -7.459271740143488e-01

2.000000000000000e-01 6.500000000000001e-01 -3.488503417063246e-01 -6.148639720397747e-01

1.000000000000000e-01 7.000000000000001e-01 -2.194897504240007e-01 -7.069574956631586e-01

1.500000000000000e-01 7.000000000000001e-01 -3.375031520720805e-01 -6.633137591299071e-01

2.000000000000000e-01 7.000000000000001e-01 -4.160664961976405e-01 -5.369665959662051e-01

2.000000000000000e-01 6.000000000000001e-01 -2.954864415173982e-01 -7.202034182616104e-01

2.500000000000000e-01 6.000000000000001e-01 -3.273664332418740e-01 -5.835856083300089e-01

3.000000000000000e-01 6.000000000000001e-01 -3.483570405613603e-01 -4.616631032484732e-01

2.000000000000000e-01 6.500000000000001e-01 -3.627634507948948e-01 -6.607454355934209e-01

2.500000000000000e-01 6.500000000000001e-01 -4.106309893275278e-01 -5.275707888652541e-01

3.000000000000000e-01 6.500000000000001e-01 -4.476204302775655e-01 -4.111711015415527e-01

2.000000000000000e-01 7.000000000000001e-01 -4.317704429089316e-01 -5.860928179771816e-01

2.500000000000000e-01 7.000000000000001e-01 -4.955108869685624e-01 -4.612117961347138e-01

3.000000000000000e-01 7.000000000000001e-01 -5.481670954102661e-01 -3.541226983195390e-01

3.000000000000000e-01 6.000000000000001e-01 -3.427721710337199e-01 -4.498585486011685e-01

3.500000000000000e-01 6.000000000000001e-01 -3.444618576580074e-01 -3.211063067349887e-01

4.000000000000000e-01 6.000000000000001e-01 -3.275636761881927e-01 -1.801346088669785e-01

3.000000000000000e-01 6.500000000000001e-01 -4.399314098336979e-01 -3.967910642091149e-01

3.500000000000000e-01 6.500000000000001e-01 -4.545440765325598e-01 -2.723223028668643e-01

4.000000000000000e-01 6.500000000000001e-01 -4.481007772065076e-01 -1.338104007144916e-01

3.000000000000000e-01 7.000000000000001e-01 -5.378890646778653e-01 -3.377902875634151e-01

3.500000000000000e-01 7.000000000000001e-01 -5.643767332952616e-01 -2.214765803502751e-01

4.000000000000000e-01 7.000000000000001e-01 -5.671549337147630e-01 -8.959858451898990e-02

4.000000000000000e-01 6.000000000000001e-01 -3.309844688891090e-01 -1.896615609027979e-01

4.500000000000000e-01 6.000000000000001e-01 -3.028918028205425e-01 -5.409965533211752e-02

5.000000000000000e-01 6.000000000000001e-01 -2.649110262681697e-01 7.764062079906348e-02

4.000000000000000e-01 6.500000000000001e-01 -4.520091010630219e-01 -1.460794952614594e-01

4.500000000000000e-01 6.500000000000001e-01 -4.326927297891742e-01 -1.520814288757155e-02

5.000000000000000e-01 6.500000000000001e-01 -4.019060510199745e-01 1.110162757046498e-01

4.000000000000000e-01 7.000000000000001e-01 -5.704969153982743e-01 -1.047287674500169e-01

4.500000000000000e-01 7.000000000000001e-01 -5.567469088863016e-01 1.681096801923966e-02

5.000000000000000e-01 7.000000000000001e-01 -5.253613335590706e-01 1.317289243037495e-01

5.000000000000000e-01 6.000000000000001e-01 -2.671343122535090e-01 7.529249681529666e-02

5.500000000000000e-01 6.000000000000001e-01 -2.238035564968637e-01 2.036779359048756e-01

6.000000000000001e-01 6.000000000000001e-01 -1.788331785042413e-01 3.303938557107104e-01

5.000000000000000e-01 6.500000000000001e-01 -4.046605576252462e-01 1.077159894300545e-01

5.500000000000000e-01 6.500000000000001e-01 -3.662585685096866e-01 2.289402927463198e-01

6.000000000000001e-01 6.500000000000001e-01 -3.217173070089578e-01 3.467670579003875e-01

5.000000000000000e-01 7.000000000000001e-01 -5.273405659778511e-01 1.271927534659373e-01

5.500000000000000e-01 7.000000000000001e-01 -4.815249384578926e-01 2.341595264130535e-01

6.000000000000001e-01 7.000000000000001e-01 -4.245774906987364e-01 3.376756553698576e-01

6.000000000000001e-01 6.000000000000001e-01 -1.813600228219997e-01 3.287774160993666e-01

6.500000000000001e-01 6.000000000000001e-01 -1.390306903997280e-01 4.509974623578391e-01

7.000000000000001e-01 6.000000000000001e-01 -1.007765674396648e-01 5.710299417234700e-01

6.000000000000001e-01 6.500000000000001e-01 -3.238273052724702e-01 3.451056191193919e-01

6.500000000000001e-01 6.500000000000001e-01 -2.766133932497881e-01 4.557227109988031e-01

7.000000000000001e-01 6.500000000000001e-01 -2.272962566150405e-01 5.658472682590771e-01

6.000000000000001e-01 7.000000000000001e-01 -4.312710585329906e-01 3.362192136698995e-01

6.500000000000001e-01 7.000000000000001e-01 -3.730248507721632e-01 4.316033890237881e-01

7.000000000000001e-01 7.000000000000001e-01 -3.140921823490807e-01 5.299535869429264e-01

7.000000000000001e-01 6.000000000000001e-01 -1.026089017313125e-01 5.650413186742081e-01

7.500000000000000e-01 6.000000000000001e-01 -6.939058861885833e-02 6.770373997922948e-01

8.000000000000000e-01 6.000000000000001e-01 -4.428613194863053e-02 7.717087300244917e-01

7.000000000000001e-01 6.500000000000001e-01 -2.309696939837816e-01 5.565157688550038e-01

7.500000000000000e-01 6.500000000000001e-01 -1.837365783389361e-01 6.563380959340041e-01

8.000000000000000e-01 6.500000000000001e-01 -1.434982264861227e-01 7.302650923668271e-01

7.000000000000001e-01 7.000000000000001e-01 -3.174881336062854e-01 5.177177714073284e-01

7.500000000000000e-01 7.000000000000001e-01 -2.608067839945383e-01 6.048547140268956e-01

8.000000000000000e-01 7.000000000000001e-01 -2.115748215064653e-01 6.597970404000885e-01

8.000000000000000e-01 6.000000000000001e-01 -4.180218597285802e-02 7.771937017264975e-01

8.500000000000001e-01 6.000000000000001e-01 -2.310563227729006e-02 8.577852574145841e-01

9.000000000000000e-01 6.000000000000001e-01 -7.330210670012009e-03 9.318686485695858e-01

8.000000000000000e-01 6.500000000000001e-01 -1.370146762123192e-01 7.490432796569213e-01

8.500000000000001e-01 6.500000000000001e-01 -9.852419141345026e-02 8.118698706299943e-01

9.000000000000000e-01 6.500000000000001e-01 -5.240181921728679e-02 8.924058105797829e-01

8.000000000000000e-01 7.000000000000001e-01 -2.009718060006375e-01 6.876932191138586e-01

8.500000000000001e-01 7.000000000000001e-01 -1.498524932056725e-01 7.359669429249672e-01

9.000000000000000e-01 7.000000000000001e-01 -8.219843688554328e-02 8.179611909894132e-01

9.000000000000000e-01 6.000000000000001e-01 -1.439834090778473e-02 9.177516527665633e-01

9.500000000000000e-01 6.000000000000001e-01 -5.206647083337907e-03 9.700008665727824e-01

1.000000000000000e+00 6.000000000000001e-01 -1.431109476444687e-02 9.852919022550497e-01

9.000000000000000e-01 6.500000000000001e-01 -7.418169649782766e-02 8.627001586496970e-01

9.500000000000000e-01 6.500000000000001e-01 -3.625109673329611e-02 9.175939135639337e-01

1.000000000000000e+00 6.500000000000001e-01 -3.578036007546621e-02 9.489110575016502e-01

9.000000000000000e-01 7.000000000000001e-01 -1.150026801678916e-01 7.776490291214057e-01

9.500000000000000e-01 7.000000000000001e-01 -5.712075537519969e-02 8.345124208811605e-01

1.000000000000000e+00 7.000000000000001e-01 -5.174489061758739e-02 8.782931788183821e-01

0.000000000000000e+00 7.000000000000001e-01 -6.309498999184743e-02 -7.450718124234790e-01

5.000000000000000e-02 7.000000000000001e-01 -1.331073893195319e-01 -7.770157953250011e-01

1.000000000000000e-01 7.000000000000001e-01 -2.602079678068156e-01 -7.574167654055244e-01

0.000000000000000e+00 7.500000000000000e-01 -6.855812008946627e-02 -6.469896667594053e-01

5.000000000000000e-02 7.500000000000000e-01 -1.453161458170631e-01 -6.731936823256963e-01

1.000000000000000e-01 7.500000000000000e-01 -2.849159494761972e-01 -6.596026384131204e-01

0.000000000000000e+00 8.000000000000000e-01 -6.896028077686669e-02 -5.398533015350906e-01

5.000000000000000e-02 8.000000000000000e-01 -1.464574740857396e-01 -5.569201439539978e-01

1.000000000000000e-01 8.000000000000000e-01 -2.875303451272274e-01 -5.499655148705630e-01

1.000000000000000e-01 7.000000000000001e-01 -2.120601095415901e-01 -7.167209221383003e-01

1.500000000000000e-01 7.000000000000001e-01 -3.266209412947628e-01 -6.715720005482119e-01

2.000000000000000e-01 7.000000000000001e-01 -4.042876650465350e-01 -5.450794839209931e-01

1.000000000000000e-01 7.500000000000000e-01 -2.332838253568178e-01 -6.186471570824627e-01

1.500000000000000e-01 7.500000000000000e-01 -3.619275395892458e-01 -5.802294108190562e-01

2.000000000000000e-01 7.500000000000000e-01 -4.554730729518760e-01 -4.643083364781678e-01

1.000000000000000e-01 8.000000000000000e-01 -2.368637272512106e-01 -5.125474448697522e-01

1.500000000000000e-01 8.000000000000000e-01 -3.705748623349143e-01 -4.822801722847003e-01

2.000000000000000e-01 8.000000000000000e-01 -4.748012370251106e-01 -3.846700453013686e-01

2.000000000000000e-01 7.000000000000001e-01 -4.188056112981259e-01 -5.927862161047821e-01

2.500000000000000e-01 7.000000000000001e-01 -4.826811604848077e-01 -4.671598044525687e-01

3.000000000000000e-01 7.000000000000001e-01 -5.359190201181763e-01 -3.584826190373526e-01

2.000000000000000e-01 7.500000000000000e-01 -4.699572954760730e-01 -5.109960186422957e-01

2.500000000000000e-01 7.500000000000000e-01 -5.516432472349964e-01 -3.977921317684719e-01

3.000000000000000e-01 7.500000000000000e-01 -6.232372603027329e-01 -3.000243395173088e-01

2.000000000000000e-01 8.000000000000000e-01 -4.879326008444319e-01 -4.254383443646136e-01

2.500000000000000e-01 8.000000000000000e-01 -5.857069401354783e-01 -3.297127498725656e-01

3.000000000000000e-01 8.000000000000000e-01 -6.772730075137613e-01 -2.453517254606003e-01

3.000000000000000e-01 7.000000000000001e-01 -5.263931668683830e-01 -3.428988291644584e-01

3.500000000000000e-01 7.000000000000001e-01 -5.550665729245536e-01 -2.252260146749352e-01

4.000000000000000e-01 7.000000000000001e-01 -5.613123466206317e-01 -9.260586233857616e-02

3.000000000000000e-01 7.500000000000000e-01 -6.114196018485011e-01 -2.841851896434252e-01

3.500000000000000e-01 7.500000000000000e-01 -6.550903431125336e-01 -1.767640621023747e-01

4.000000000000000e-01 7.500000000000000e-01 -6.734910154584678e-01 -5.425791625312944e-02

3.000000000000000e-01 8.000000000000000e-01 -6.646202695271396e-01 -2.311336710154430e-01

3.500000000000000e-01 8.000000000000000e-01 -7.301227679658469e-01 -1.360512897560235e-01

4.000000000000000e-01 8.000000000000000e-01 -7.712772374246257e-01 -2.670952945872565e-02

4.000000000000000e-01 7.000000000000001e-01 -5.647736516833720e-01 -1.070496728668744e-01

4.500000000000000e-01 7.000000000000001e-01 -5.570319485909220e-01 1.653739229399565e-02

5.000000000000000e-01 7.000000000000001e-01 -5.366159323127806e-01 1.353843936333851e-01

4.000000000000000e-01 7.500000000000000e-01 -6.756006006686969e-01 -7.067874678828645e-02

4.500000000000000e-01 7.500000000000000e-01 -6.750690099149612e-01 4.036354249432671e-02

5.000000000000000e-01 7.500000000000000e-01 -6.561142739679582e-01 1.454702276558568e-01

4.000000000000000e-01 8.000000000000000e-01 -7.701034396340612e-01 -4.341887443910696e-02

4.500000000000000e-01 8.000000000000000e-01 -7.908087634372465e-01 5.523248872513827e-02

5.000000000000000e-01 8.000000000000000e-01 -7.950306644946971e-01 1.502152001524775e-01

5.000000000000000e-01 7.000000000000001e-01 -5.393821983418101e-01 1.308306686006598e-01

5.500000000000000e-01 7.000000000000001e-01 -5.059433464220577e-01 2.419343614655961e-01

6.000000000000001e-01 7.000000000000001e-01 -4.589336746204277e-01 3.472687820542119e-01

5.000000000000000e-01 7.500000000000000e-01 -6.586420512608894e-01 1.399548724296061e-01

5.500000000000000e-01 7.500000000000000e-01 -6.245439079122954e-01 2.372976252182675e-01

6.000000000000001e-01 7.500000000000000e-01 -5.762582230264740e-01 3.297781934984838e-01

5.000000000000000e-01 8.000000000000000e-01 -7.986984642628639e-01 1.434226425013959e-01

5.500000000000000e-01 8.000000000000000e-01 -7.860799609250196e-01 2.298834139304380e-01

6.000000000000001e-01 8.000000000000000e-01 -7.531743606022245e-01 3.089565230059718e-01

6.000000000000001e-01 7.000000000000001e-01 -4.615788190841377e-01 3.451089042709063e-01

6.500000000000001e-01 7.000000000000001e-01 -4.063881115214096e-01 4.408717038250411e-01

7.000000000000001e-01 7.000000000000001e-01 -3.438244951724928e-01 5.376867985760714e-01

6.000000000000001e-01 7.500000000000000e-01 -5.804263855671239e-01 3.265830941067577e-01

6.500000000000001e-01 7.500000000000000e-01 -5.227896319152924e-01 4.089783904703487e-01

7.000000000000001e-01 7.500000000000000e-01 -4.551055101630922e-01 4.927800234105779e-01

6.000000000000001e-01 8.000000000000000e-01 -7.518954145818134e-01 3.037802640754779e-01

6.500000000000001e-01 8.000000000000000e-01 -6.966337366938966e-01 3.720000767209259e-01

7.000000000000001e-01 8.000000000000000e-01 -6.185703732498820e-01 4.396941779314202e-01

7.000000000000001e-01 7.000000000000001e-01 -3.494521626179274e-01 5.261793419547592e-01

7.500000000000000e-01 7.000000000000001e-01 -2.874026252314685e-01 6.106414985003291e-01

8.000000000000000e-01 7.000000000000001e-01 -2.322469802133167e-01 6.639222260615991e-01

7.000000000000001e-01 7.500000000000000e-01 -4.611658333938043e-01 4.801635731132588e-01

7.500000000000000e-01 7.500000000000000e-01 -3.911701401375267e-01 5.483301952307786e-01

8.000000000000000e-01 7.500000000000000e-01 -3.234956431736247e-01 5.820494121074008e-01

7.000000000000001e-01 8.000000000000000e-01 -6.290457093990004e-01 4.277700887510211e-01

7.500000000000000e-01 8.000000000000000e-01 -5.431053626011846e-01 4.759159477753988e-01

8.000000000000000e-01 8.000000000000000e-01 -4.521708203955830e-01 4.914651557892595e-01

8.000000000000000e-01 7.000000000000001e-01 -2.217261639326152e-01 6.924472839897162e-01

8.500000000000001e-01 7.000000000000001e-01 -1.642916595183069e-01 7.394771525384009e-01

9.000000000000000e-01 7.000000000000001e-01 -9.011667789812013e-02 8.231280991233119e-01

8.000000000000000e-01 7.500000000000000e-01 -3.112470646473643e-01 6.180971576474517e-01

8.500000000000001e-01 7.500000000000000e-01 -2.346771187514098e-01 6.497231246750060e-01

9.000000000000000e-01 7.500000000000000e-01 -1.308748585973345e-01 7.356909675879842e-01

8.000000000000000e-01 8.000000000000000e-01 -4.404885574138404e-01 5.320152143675657e-01

8.500000000000001e-01 8.000000000000000e-01 -3.328241902839240e-01 5.497934782094239e-01

9.000000000000000e-01 8.000000000000000e-01 -1.872884931299876e-01 6.388348549978214e-01

9.000000000000000e-01 7.000000000000001e-01 -1.253670468719926e-01 7.817325271916606e-01

9.500000000000000e-01 7.000000000000001e-01 -6.271488422997573e-02 8.380426513133812e-01

1.000000000000000e+00 7.000000000000001e-01 -5.550348782330951e-02 8.824180544728378e-01

9.000000000000000e-01 7.500000000000000e-01 -1.803482750377984e-01 6.839865724238741e-01

9.500000000000000e-01 7.500000000000000e-01 -9.240907154174532e-02 7.403094078023454e-01

1.000000000000000e+00 7.500000000000000e-01 -7.852540598939384e-02 7.955800523235215e-01

9.000000000000000e-01 8.000000000000000e-01 -2.556101152664496e-01 5.777018765631639e-01

9.500000000000000e-01 8.000000000000000e-01 -1.345689898758937e-01 6.317180905458981e-01

1.000000000000000e+00 8.000000000000000e-01 -1.120315326579871e-01 6.943857746401999e-01

0.000000000000000e+00 8.000000000000000e-01 -7.490397090080010e-02 -5.325261854391545e-01

5.000000000000000e-02 8.000000000000000e-01 -1.622978506891993e-01 -5.524532821718459e-01

1.000000000000000e-01 8.000000000000000e-01 -3.180254784277390e-01 -5.431361047859045e-01

0.000000000000000e+00 8.500000000000001e-01 -7.524391642431628e-02 -4.036676030570368e-01

5.000000000000000e-02 8.500000000000001e-01 -1.656639759491079e-01 -4.166828214851895e-01

1.000000000000000e-01 8.500000000000001e-01 -3.249637205621792e-01 -4.115119462897253e-01

0.000000000000000e+00 9.000000000000000e-01 -8.821818131226077e-02 -2.331787394519094e-01

5.000000000000000e-02 9.000000000000000e-01 -2.003137148351513e-01 -2.394024988250351e-01

1.000000000000000e-01 9.000000000000000e-01 -3.908666723600426e-01 -2.368824379227941e-01

1.000000000000000e-01 8.000000000000000e-01 -2.619004764088113e-01 -5.051145534022764e-01

1.500000000000000e-01 8.000000000000000e-01 -4.052384761625205e-01 -4.726277669662405e-01

2.000000000000000e-01 8.000000000000000e-01 -5.117261635400105e-01 -3.713457552502338e-01

1.000000000000000e-01 8.500000000000001e-01 -2.685385916185915e-01 -3.809694477316570e-01

1.500000000000000e-01 8.500000000000001e-01 -4.170105450456981e-01 -3.573047542088244e-01

2.000000000000000e-01 8.500000000000001e-01 -5.325277894338912e-01 -2.797977551807652e-01

1.000000000000000e-01 9.000000000000000e-01 -3.226274533513763e-01 -2.161880199147706e-01

1.500000000000000e-01 9.000000000000000e-01 -4.912507591120789e-01 -2.025440835731776e-01

2.000000000000000e-01 9.000000000000000e-01 -6.126574786948011e-01 -1.554489611744214e-01

2.000000000000000e-01 8.000000000000000e-01 -5.271926325650769e-01 -4.142902186745500e-01

2.500000000000000e-01 8.000000000000000e-01 -6.225639621609684e-01 -3.180303545321881e-01

3.000000000000000e-01 8.000000000000000e-01 -7.080623164325410e-01 -2.356365361735917e-01

2.000000000000000e-01 8.500000000000001e-01 -5.465485375567158e-01 -3.137840409851135e-01

2.500000000000000e-01 8.500000000000001e-01 -6.543363801278453e-01 -2.403661391721835e-01

3.000000000000000e-01 8.500000000000001e-01 -7.550507927192328e-01 -1.764890602122040e-01

2.000000000000000e-01 9.000000000000000e-01 -6.327112213454437e-01 -1.776457396407605e-01

2.500000000000000e-01 9.000000000000000e-01 -7.426211379883496e-01 -1.348642597557930e-01

3.000000000000000e-01 9.000000000000000e-01 -8.439527307581838e-01 -9.848362042557186e-02

3.000000000000000e-01 8.000000000000000e-01 -6.936498223278612e-01 -2.209074278605372e-01

3.500000000000000e-01 8.000000000000000e-01 -7.480145769410943e-01 -1.293949268947963e-01

4.000000000000000e-01 8.000000000000000e-01 -7.743296275445031e-01 -2.409712960777419e-02

3.000000000000000e-01 8.500000000000001e-01 -7.402304518052137e-01 -1.646011686236636e-01

3.500000000000000e-01 8.500000000000001e-01 -8.127609253357059e-01 -9.144043477276137e-02

4.000000000000000e-01 8.500000000000001e-01 -8.605504404319538e-01 -6.001154301313364e-03

3.000000000000000e-01 9.000000000000000e-01 -8.247145638924521e-01 -9.055869745913682e-02

3.500000000000000e-01 9.000000000000000e-01 -8.931841626306689e-01 -4.731934795906800e-02

4.000000000000000e-01 9.000000000000000e-01 -9.349972771582645e-01 4.987485888313707e-03

4.000000000000000e-01 8.000000000000000e-01 -7.751646447956547e-01 -4.100062798506426e-02

4.500000000000000e-01 8.000000000000000e-01 -7.800578883512250e-01 5.216111736533690e-02

5.000000000000000e-01 8.000000000000000e-01 -7.658248837576817e-01 1.397890306821231e-01

4.000000000000000e-01 8.500000000000001e-01 -8.564509663827581e-01 -2.121154602796465e-02

4.500000000000000e-01 8.500000000000001e-01 -8.789973096373643e-01 5.387502895805655e-02

5.000000000000000e-01 8.500000000000001e-01 -8.777349240307970e-01 1.237693287304308e-01

4.000000000000000e-01 9.000000000000000e-01 -9.304668393962444e-01 -5.741182992809431e-03

4.500000000000000e-01 9.000000000000000e-01 -9.457597670735366e-01 3.923516248604706e-02

5.000000000000000e-01 9.000000000000000e-01 -9.308901573206425e-01 7.878269657579524e-02

5.000000000000000e-01 8.000000000000000e-01 -7.657752638067913e-01 1.340286210101981e-01

5.500000000000000e-01 8.000000000000000e-01 -7.358263821777853e-01 2.165028127684710e-01

6.000000000000001e-01 8.000000000000000e-01 -6.923292371135630e-01 2.954071345754961e-01

5.000000000000000e-01 8.500000000000001e-01 -8.768686247582682e-01 1.177552126018483e-01

5.500000000000000e-01 8.500000000000001e-01 -8.539513606718632e-01 1.812219562929128e-01

6.000000000000001e-01 8.500000000000001e-01 -8.095192583410162e-01 2.402695497762804e-01

5.000000000000000e-01 9.000000000000000e-01 -9.174829336447150e-01 7.454809917083388e-02

5.500000000000000e-01 9.000000000000000e-01 -8.692746923820452e-01 1.113517525858667e-01

6.000000000000001e-01 9.000000000000000e-01 -7.995501161159178e-01 1.467438087589284e-01

6.000000000000001e-01 8.000000000000000e-01 -6.960529568176673e-01 2.911116278483020e-01

6.500000000000001e-01 8.000000000000000e-01 -6.407382116544469e-01 3.604853962052684e-01

7.000000000000001e-01 8.000000000000000e-01 -5.710870307577607e-01 4.305507070568235e-01

6.000000000000001e-01 8.500000000000001e-01 -8.135771938377635e-01 2.362352183462590e-01

6.500000000000001e-01 8.500000000000001e-01 -7.518828038877423e-01 2.873123760972828e-01

7.000000000000001e-01 8.500000000000001e-01 -6.713581642845811e-01 3.394719791123696e-01

6.000000000000001e-01 9.000000000000000e-01 -8.136534752434046e-01 1.451061617844256e-01

6.500000000000001e-01 9.000000000000000e-01 -7.401065060069211e-01 1.766644241313961e-01

7.000000000000001e-01 9.000000000000000e-01 -6.594045666629837e-01 2.108735296839083e-01

7.000000000000001e-01 8.000000000000000e-01 -5.774559172520427e-01 4.179308791933158e-01

7.500000000000000e-01 8.000000000000000e-01 -5.002871103811780e-01 4.696940901109046e-01

8.000000000000000e-01 8.000000000000000e-01 -4.180652593224571e-01 4.877766805720810e-01

7.000000000000001e-01 8.500000000000001e-01 -6.788456546131793e-01 3.282727950229600e-01

7.500000000000000e-01 8.500000000000001e-01 -5.880982256029917e-01 3.639086808776519e-01

8.000000000000000e-01 8.500000000000001e-01 -4.889887879369363e-01 3.724883615099879e-01

7.000000000000001e-01 9.000000000000000e-01 -6.613235763392686e-01 2.023871455980525e-01

7.500000000000000e-01 9.000000000000000e-01 -5.714712323380974e-01 2.265983345039503e-01

8.000000000000000e-01 9.000000000000000e-01 -4.742470431143393e-01 2.332570910717788e-01

8.000000000000000e-01 8.000000000000000e-01 -4.076765043786891e-01 5.274573934413803e-01

8.500000000000001e-01 8.000000000000000e-01 -3.097916639162069e-01 5.465291644631595e-01

9.000000000000000e-01 8.000000000000000e-01 -1.756132214917804e-01 6.333031800850455e-01

8.000000000000000e-01 8.500000000000001e-01 -4.807735359515454e-01 4.078085022290716e-01

8.500000000000001e-01 8.500000000000001e-01 -3.638941326188739e-01 4.193626600145797e-01

9.000000000000000e-01 8.500000000000001e-01 -2.076927284919714e-01 4.953175230573255e-01

8.000000000000000e-01 9.000000000000000e-01 -4.684900349141799e-01 2.558609630692195e-01

8.500000000000001e-01 9.000000000000000e-01 -3.554408917367115e-01 2.640670024662040e-01

9.000000000000000e-01 9.000000000000000e-01 -2.043258441400968e-01 3.135094175901096e-01

9.000000000000000e-01 8.000000000000000e-01 -2.393133910228980e-01 5.735792594580513e-01

9.500000000000000e-01 8.000000000000000e-01 -1.258693670519833e-01 6.286112349564217e-01

1.000000000000000e+00 8.000000000000000e-01 -1.064472890619988e-01 6.906446235187021e-01

9.000000000000000e-01 8.500000000000001e-01 -2.799256844923557e-01 4.383159538456350e-01

9.500000000000000e-01 8.500000000000001e-01 -1.497531396891151e-01 4.867436295755323e-01

1.000000000000000e+00 8.500000000000001e-01 -1.290492462651742e-01 5.419947549651355e-01

9.000000000000000e-01 9.000000000000000e-01 -2.736463934591382e-01 2.759089925619713e-01

9.500000000000000e-01 9.000000000000000e-01 -1.475078375931978e-01 3.100458980540474e-01

1.000000000000000e+00 9.000000000000000e-01 -1.325694517531720e-01 3.494819747680615e-01

0.000000000000000e+00 9.000000000000000e-01 -7.766002560326002e-02 -3.062659078353680e-01

5.000000000000000e-02 9.000000000000000e-01 -1.726307321290205e-01 -3.192490742227891e-01

1.000000000000000e-01 9.000000000000000e-01 -3.391940624386576e-01 -3.141451971400062e-01

0.000000000000000e+00 9.500000000000000e-01 -8.559914196427801e-02 -1.667055071466362e-01

5.000000000000000e-02 9.500000000000000e-01 -1.946127267485255e-01 -1.734407768341920e-01

1.000000000000000e-01 9.500000000000000e-01 -3.799293667171643e-01 -1.702047654536153e-01

0.000000000000000e+00 1.000000000000000e+00 -9.074624494937809e-02 -1.281381365009684e-01

5.000000000000000e-02 1.000000000000000e+00 -2.198490174570422e-01 -1.498703274844259e-01

1.000000000000000e-01 1.000000000000000e+00 -4.264942737613779e-01 -1.355925464120300e-01

1.000000000000000e-01 9.000000000000000e-01 -2.800144291219206e-01 -2.927928117316151e-01

1.500000000000000e-01 9.000000000000000e-01 -4.361504726338907e-01 -2.747409385605648e-01

2.000000000000000e-01 9.000000000000000e-01 -5.586924153737420e-01 -2.152069460391010e-01

1.000000000000000e-01 9.500000000000000e-01 -3.149877686361371e-01 -1.577481354449091e-01

1.500000000000000e-01 9.500000000000000e-01 -4.833173354527081e-01 -1.461873476575511e-01

2.000000000000000e-01 9.500000000000000e-01 -6.108153800728164e-01 -1.111686163688684e-01

1.000000000000000e-01 1.000000000000000e+00 -3.557041390275444e-01 -1.404308721892994e-01

1.500000000000000e-01 1.000000000000000e+00 -5.373663624000105e-01 -1.258941155282907e-01

2.000000000000000e-01 1.000000000000000e+00 -6.688862323537931e-01 -9.593909669509519e-02

2.000000000000000e-01 9.000000000000000e-01 -5.733427137576557e-01 -2.415728168826217e-01

2.500000000000000e-01 9.000000000000000e-01 -6.888811264366329e-01 -1.850900369941855e-01

3.000000000000000e-01 9.000000000000000e-01 -7.980503647587859e-01 -1.355333633232801e-01

2.000000000000000e-01 9.500000000000000e-01 -6.282657329742812e-01 -1.269729388243115e-01

2.500000000000000e-01 9.500000000000000e-01 -7.465908620732269e-01 -9.531378931818105e-02

3.000000000000000e-01 9.500000000000000e-01 -8.574692218921826e-01 -6.863797080764011e-02

2.000000000000000e-01 1.000000000000000e+00 -6.886298100174024e-01 -1.075688931853356e-01

2.500000000000000e-01 1.000000000000000e+00 -8.029716351696260e-01 -8.092204268558913e-02

3.000000000000000e-01 1.000000000000000e+00 -9.027000896641808e-01 -5.940535049128881e-02

3.000000000000000e-01 9.000000000000000e-01 -7.825668973019876e-01 -1.260021740153411e-01

3.500000000000000e-01 9.000000000000000e-01 -8.648865286939194e-01 -6.799239732971651e-02

4.000000000000000e-01 9.000000000000000e-01 -9.243269949359278e-01 5.781275420913568e-04

3.000000000000000e-01 9.500000000000000e-01 -8.393562772050641e-01 -6.318219241247482e-02

3.500000000000000e-01 9.500000000000000e-01 -9.196405767520696e-01 -3.248731326652673e-02

4.000000000000000e-01 9.500000000000000e-01 -9.746063027905431e-01 3.512383254751046e-03

3.000000000000000e-01 1.000000000000000e+00 -8.844214519683471e-01 -5.556369357946909e-02

3.500000000000000e-01 1.000000000000000e+00 -9.496749137713298e-01 -3.305631056215871e-02

4.000000000000000e-01 1.000000000000000e+00 -9.862371385353687e-01 -7.872310958718638e-03

4.000000000000000e-01 9.000000000000000e-01 -9.168599291366021e-01 -1.231524331641757e-02

4.500000000000000e-01 9.000000000000000e-01 -9.484534197844100e-01 4.713392503605985e-02

5.000000000000000e-01 9.000000000000000e-01 -9.546324270849451e-01 1.006910171988741e-01

4.000000000000000e-01 9.500000000000000e-01 -9.683953426006006e-01 -3.940675480333747e-03

4.500000000000000e-01 9.500000000000000e-01 -9.991111092645402e-01 2.712917430986521e-02

5.000000000000000e-01 9.500000000000000e-01 -1.007838058616502e+00 5.591439438051898e-02

4.000000000000000e-01 1.000000000000000e+00 -9.836307699691443e-01 -1.338158886233598e-02

4.500000000000000e-01 1.000000000000000e+00 -1.002248323164043e+00 6.467441377361233e-03

5.000000000000000e-01 1.000000000000000e+00 -1.019916508374241e+00 2.333626439378724e-02

5.000000000000000e-01 9.000000000000000e-01 -9.586139607157407e-01 9.532936404411792e-02

5.500000000000000e-01 9.000000000000000e-01 -9.474184520980586e-01 1.397610161197059e-01

6.000000000000001e-01 9.000000000000000e-01 -9.054112802713967e-01 1.779557445221043e-01

5.000000000000000e-01 9.500000000000000e-01 -1.008799498976268e+00 5.260274954850952e-02

5.500000000000000e-01 9.500000000000000e-01 -9.898588360262028e-01 7.719435579899654e-02

6.000000000000001e-01 9.500000000000000e-01 -9.443195202720276e-01 9.856485886003817e-02

5.000000000000000e-01 1.000000000000000e+00 -1.055266418720584e+00 2.341929938421706e-02

5.500000000000000e-01 1.000000000000000e+00 -1.102290502145262e+00 3.732466775056632e-02

6.000000000000001e-01 1.000000000000000e+00 -1.118709794131762e+00 4.746702216089482e-02

6.000000000000001e-01 9.000000000000000e-01 -9.084940023474738e-01 1.747283127548026e-01

6.500000000000001e-01 9.000000000000000e-01 -8.403146757679327e-01 2.059816992014968e-01

7.000000000000001e-01 9.000000000000000e-01 -7.459495149992604e-01 2.376937268246740e-01

6.000000000000001e-01 9.500000000000000e-01 -9.444210503665457e-01 9.656384659917591e-02

6.500000000000001e-01 9.500000000000000e-01 -8.748246983118431e-01 1.145855168563438e-01

7.000000000000001e-01 9.500000000000000e-01 -7.805343173906729e-01 1.325822423420080e-01

6.000000000000001e-01 1.000000000000000e+00 -1.093521717280129e+00 4.501248765920721e-02

6.500000000000001e-01 1.000000000000000e+00 -1.045255931751047e+00 5.035730015317345e-02

7.000000000000001e-01 1.000000000000000e+00 -9.382956480547318e-01 5.205950024976530e-02

7.000000000000001e-01 9.000000000000000e-01 -7.572600352086664e-01 2.296847529707488e-01

7.500000000000000e-01 9.000000000000000e-01 -6.524781577472203e-01 2.489085339574611e-01

8.000000000000000e-01 9.000000000000000e-01 -5.392982650605530e-01 2.502528168491814e-01

7.000000000000001e-01 9.500000000000000e-01 -7.919127612582136e-01 1.281762503505929e-01

7.500000000000000e-01 9.500000000000000e-01 -6.863452535304841e-01 1.386333397315884e-01

8.000000000000000e-01 9.500000000000000e-01 -5.697989505987555e-01 1.389184949750428e-01

7.000000000000001e-01 1.000000000000000e+00 -9.624210722533927e-01 5.187493998569213e-02

7.500000000000000e-01 1.000000000000000e+00 -8.354423210056594e-01 5.079235729944239e-02

8.000000000000000e-01 1.000000000000000e+00 -6.879584138254220e-01 4.633224267422547e-02

8.000000000000000e-01 9.000000000000000e-01 -5.300451359775460e-01 2.761548650950936e-01

8.500000000000001e-01 9.000000000000000e-01 -3.982043548708908e-01 2.815727868599690e-01

9.000000000000000e-01 9.000000000000000e-01 -2.254207587570651e-01 3.361774270555743e-01

8.000000000000000e-01 9.500000000000000e-01 -5.627271779618238e-01 1.539243655109777e-01

8.500000000000001e-01 9.500000000000000e-01 -4.246215203533564e-01 1.563923342218533e-01

9.000000000000000e-01 9.500000000000000e-01 -2.407520753054311e-01 1.889412329339406e-01

8.000000000000000e-01 1.000000000000000e+00 -6.809106082905173e-01 5.410023601699289e-02

8.500000000000001e-01 1.000000000000000e+00 -5.074303446259447e-01 5.236442584737143e-02

9.000000000000000e-01 1.000000000000000e+00 -2.852587283608816e-01 6.749180220427954e-02

9.000000000000000e-01 9.000000000000000e-01 -3.046182240271032e-01 2.928254524014040e-01

9.500000000000000e-01 9.000000000000000e-01 -1.633103592884570e-01 3.269981264822597e-01

1.000000000000000e+00 9.000000000000000e-01 -1.423575398669385e-01 3.660142414133277e-01

9.000000000000000e-01 9.500000000000000e-01 -3.266633165489740e-01 1.629310393391201e-01

9.500000000000000e-01 9.500000000000000e-01 -1.770354930725401e-01 1.829076356119241e-01

1.000000000000000e+00 9.500000000000000e-01 -1.575643123434298e-01 2.068172462327676e-01

9.000000000000000e-01 1.000000000000000e+00 -3.902958718327997e-01 5.068938717300620e-02

9.500000000000000e-01 1.000000000000000e+00 -2.126253322737305e-01 5.809756172306156e-02

1.000000000000000e+00 1.000000000000000e+00 -1.960450678650316e-01 5.826318214232339e-02

END_SOLUTION
